cid,round,MAE,MSE,RMSE,MAPE (%),SMAPE (%),Model_Strategy
0,47,8.108492002661569,129.1662289790226,11.365132158449484,16.853361696499807,15.682071965382892,lstm_fedProx_diff001
1,47,5.209476671692178,42.276730924040194,6.5020558997935565,20.498273825332035,20.090576507916584,lstm_fedProx_diff001
2,47,1.432239654787415,3.770344147517557,1.941737404366913,56.5503771637093,39.62595408768229,lstm_fedProx_diff001
3,47,18.643034881479604,639.0476535516908,25.2793918746415,28.140295143234727,22.597548293163925,lstm_fedProx_diff001
4,47,17.120448767006817,470.74392101580025,21.696633863707987,4.059521090074067,4.111219560088995,lstm_fedProx_diff001
5,47,1.737528793562925,5.388431857282706,2.3212996052389934,50.22151571564088,35.45354592579117,lstm_fedProx_diff001
6,47,4.372311487670069,35.566980146020526,5.96380584409155,9.716273062675777,9.679387375047016,lstm_fedProx_diff001
7,47,20.94924469761906,678.3950861659912,26.046018624081324,12.10024920205369,12.879589410866435,lstm_fedProx_diff001
8,47,11.162052077806123,198.43150759289145,14.08657188931684,7.678371622580031,7.748879522678294,lstm_fedProx_diff001
9,47,9.90648721319728,170.0364585837937,13.039802858317824,38.893249063274,31.08569920099417,lstm_fedProx_diff001
10,47,52.67647592219388,4316.618701979721,65.70097945982023,9.768027017471674,9.731727035428367,lstm_fedProx_diff001
11,47,10.48266436743198,140.99702369125035,11.874216761169992,7.547198394230491,7.911425136442784,lstm_fedProx_diff001
12,47,5.83566619022109,58.92521275517435,7.676275969190683,6.849570146658124,7.04815840906657,lstm_fedProx_diff001
13,47,15.818177471003402,406.9740172671979,20.17359703342956,14.399954006625483,14.196021197841638,lstm_fedProx_diff001
14,47,18.426885265646263,488.6227653456148,22.10481317147048,15.482305678748148,15.230298615544402,lstm_fedProx_diff001
15,47,10.776519727891156,188.77641429054856,13.739592944863707,14.675729988545072,13.874006064936298,lstm_fedProx_diff001
16,47,22.58574035773809,1189.3018363783171,34.48625576049562,5.751442301225784,5.667903743782449,lstm_fedProx_diff001
17,47,5.377312675629253,48.43185128608325,6.959299626117793,14.77289707894219,14.145010496798164,lstm_fedProx_diff001
18,47,21.29718510884357,716.3466984366928,26.76465390093234,3.569555532662748,3.6264851362546966,lstm_fedProx_diff001
19,47,5.94078107244898,55.49256829496898,7.449333412793992,11.927504190821596,11.429962207788218,lstm_fedProx_diff001
20,47,17.171591771938772,558.2784044759998,23.62791578781336,12.849831760011208,12.272361080114154,lstm_fedProx_diff001
21,47,2.56650646960034,12.399657774141906,3.521314779189998,20.480981854924085,18.5146529498805,lstm_fedProx_diff001
22,47,1.1369851513435374,2.250490963503596,1.500163645574574,13.23145543852132,12.709903095120117,lstm_fedProx_diff001
23,47,11.113436294897967,224.88855130194332,14.996284583254058,4.079636430268837,4.137500989661183,lstm_fedProx_diff001
24,47,22.91490714013606,873.1076083007418,29.548394343868196,10.838269332336123,10.661627082052076,lstm_fedProx_diff001
25,47,17.761668904081635,694.436745659905,26.35216776016548,24.86657006893765,22.049982618193983,lstm_fedProx_diff001
26,47,13.18249526487245,261.34265804468174,16.166095943197966,34.92149429507833,29.411572290378395,lstm_fedProx_diff001
27,47,4.667115836054423,36.61383910080375,6.050937043202793,4.886132759823783,4.935695495207996,lstm_fedProx_diff001
28,47,10.177918680399662,182.41747773025705,13.506201454526622,19.965459544766063,19.46525903275984,lstm_fedProx_diff001
29,47,58.101316038975696,5181.027005039858,71.97935124075416,17.99123664442336,17.4996984265497,lstm_fedProx_diff001
30,47,29.56971627389456,1222.0237264090106,34.95745594875306,19.85232909120082,18.356832744235785,lstm_fedProx_diff001
31,47,23.851296316411567,839.096069062957,28.967155004642017,18.6105789469642,17.671107276187314,lstm_fedProx_diff001
32,47,27.954498427636054,1325.855887837802,36.41230407208258,36.90392649762721,29.89567356068357,lstm_fedProx_diff001
33,47,8.542850840136053,115.37329240474972,10.741196041631012,6.906655703211937,6.797722643029402,lstm_fedProx_diff001
34,47,6.815522057236395,79.87732792545671,8.93741170168728,12.065941347490254,11.50634673144054,lstm_fedProx_diff001
35,47,5.504137624753403,52.03029695379182,7.213202960806789,11.998925512414427,11.654006470562232,lstm_fedProx_diff001
36,47,6.468946764863945,79.17532339988311,8.898051663138572,29.032217246742896,23.146666036680983,lstm_fedProx_diff001
37,47,7.418236488596941,82.46168870613928,9.08084185007862,20.227850519540308,19.26539831119501,lstm_fedProx_diff001
38,47,4.503619047959187,31.35566420585012,5.599612862140571,2.606794381936388,2.6186564392973306,lstm_fedProx_diff001
39,47,8.902221012670068,162.8213622182483,12.760147421493542,9.464297085816847,9.456557338640891,lstm_fedProx_diff001
40,47,26.903342686367747,1357.2452540993452,36.8408096287167,52.97744384452732,39.35350595107812,lstm_fedProx_diff001
41,47,8.404975496641164,96.68124546694708,9.832662175979966,12.108488795890404,12.923490957204544,lstm_fedProx_diff001
42,47,20.770565668282323,907.1965583751704,30.119703822832825,5.931294145603251,5.977960678712808,lstm_fedProx_diff001
43,47,8.475664523732991,140.10888250608275,11.836759797600134,32.87769117251715,27.88931903776727,lstm_fedProx_diff001
44,47,0.9108857835459182,1.34314592121788,1.158941724685879,34.73893878006171,28.432494684591376,lstm_fedProx_diff001
45,47,0.1038261168452381,0.0167647167354963,0.1294786342818625,13.301583845138143,14.407536770960284,lstm_fedProx_diff001
46,47,0.903439778435374,1.3233851842937645,1.1503847983582556,63.48117807734533,42.17940327300906,lstm_fedProx_diff001
47,47,15.615433772108846,391.200295927393,19.7787839850531,19.761163349834835,17.50722739604356,lstm_fedProx_diff001
48,47,3.7697300356717687,24.67842670807397,4.967738590956047,28.24898916946898,23.5739065454053,lstm_fedProx_diff001
49,47,8.143603307176873,116.41592359099153,10.789621105070909,14.647256439284709,14.497482909371662,lstm_fedProx_diff001
50,47,0.7020912699659864,0.855871643239184,0.9251333110634292,5.046545601786153,5.013061810592553,lstm_fedProx_diff001
51,47,6.944645265935376,64.77944003829033,8.04856757679839,23.085046633049757,25.33217252812281,lstm_fedProx_diff001
52,47,14.324788751105435,343.4392705502793,18.5321145730939,13.850479207770896,12.822790209684364,lstm_fedProx_diff001
53,47,1.9602456556818184,425.9891073352711,20.6395035631982,6392033.8067733,27.840729578120936,lstm_fedProx_diff001
54,47,11.891742087159871,219.8500547189099,14.827341458228778,8.337486606976567,8.778632540491387,lstm_fedProx_diff001
55,47,7.825325439243199,101.08674904135016,10.054190620897842,25.41854758755487,22.389011602766782,lstm_fedProx_diff001
56,47,5.3955682829932,48.94821098433144,6.996299806635751,8.682722019374937,8.788023216514553,lstm_fedProx_diff001
57,47,13.575193734523818,273.3872842610575,16.53442724321159,14.699894039365594,14.330054143973314,lstm_fedProx_diff001
58,47,8.794029764200683,122.88267348683031,11.085245756717814,10.357720528821703,10.17093279301846,lstm_fedProx_diff001
59,47,28.880325564175177,1273.7887055911517,35.6901765979261,379.7191147937815,67.23619402324947,lstm_fedProx_diff001
60,47,90.11004037670068,11477.929158203173,107.13509769540126,41.87727936944412,36.52532311621599,lstm_fedProx_diff001
61,47,6.7968264291156455,78.43724865601679,8.856480602136314,13.769140279225232,13.138194470505915,lstm_fedProx_diff001
62,47,7.105693543622448,90.02259237163848,9.488023628324209,6.054677373213506,6.004635751313036,lstm_fedProx_diff001
63,47,4.9818681360799335,40.77738300904404,6.385717110007618,11.016871316333138,10.754396329116563,lstm_fedProx_diff001
64,47,4.5883450321003405,32.93384207591616,5.738801449424449,19.10948935012296,17.13909278441889,lstm_fedProx_diff001
65,47,4.649369519217688,35.95246428980649,5.9960373822889474,16.348250001975348,14.914618940444395,lstm_fedProx_diff001
66,47,5.129492462670068,49.15579240492751,7.011119197740651,7.93794710145612,7.929762844107746,lstm_fedProx_diff001
67,47,7.166063806972791,97.696281716775,9.884142942955398,11.517383569567096,11.226565775165644,lstm_fedProx_diff001
68,47,8.311840421785716,99.32307498354768,9.966096276052507,17.938743187152344,19.06867251760408,lstm_fedProx_diff001
69,47,15.413502826454083,306.39240315081463,17.50406818859018,8880611536.548151,76.57904858122441,lstm_fedProx_diff001
70,47,2.444037616224491,8.69586896990977,2.948875882418548,15.314312956738185,16.328804577297277,lstm_fedProx_diff001
71,47,8.897977675680275,114.99498862247628,10.723571635536189,17.318859765061152,18.95278675517296,lstm_fedProx_diff001
72,47,12.034859863537417,215.83232056824343,14.691232779050347,23.216165089656897,25.623150533319084,lstm_fedProx_diff001
73,47,1.5850609194472791,3.677929032058465,1.9177927500276104,14.255375537484776,14.571563718421626,lstm_fedProx_diff001
74,47,8.253480568511906,102.66948649012704,10.132595249496894,19.147721237077786,21.16371147543611,lstm_fedProx_diff001
75,47,15.178133368537416,319.8365845728988,17.883975636667,22.44521105275201,20.470691196397457,lstm_fedProx_diff001
76,47,24.35924200425173,968.9654291827502,31.12820954026669,5.161687926720452,5.247540044835326,lstm_fedProx_diff001
77,47,7.725035161683675,103.323453900425,10.164814503985058,13.324255197836072,13.137544091351682,lstm_fedProx_diff001
78,47,26.95045399528062,1394.664920153912,37.34521281441454,11898663119.382223,27.24859685489412,lstm_fedProx_diff001
79,47,18.775951195238097,473.5160123171207,21.76042307302688,12.57725486015558,13.099285168441538,lstm_fedProx_diff001
80,47,34.94659014370748,1940.15543352072,44.0471955239005,8.593775727997038,8.664223976787357,lstm_fedProx_diff001
81,47,0.537109949761905,0.4555482150185818,0.674943119839429,11.400859169447774,12.045867176529592,lstm_fedProx_diff001
82,47,3.305093490034014,15.395706875390616,3.923736341217464,16.79006156723418,16.580944149297068,lstm_fedProx_diff001
83,47,0.244085815382653,0.1005857047563664,0.3171524944823333,57.75738650970416,40.82165996877594,lstm_fedProx_diff001
84,47,1.510341037840136,4.409634872286279,2.099913063030534,42.93470926619359,31.56041607216539,lstm_fedProx_diff001
85,47,6.144579830442177,74.7189072482197,8.644009905606291,9.785434079016184,9.46641220824319,lstm_fedProx_diff001
86,47,6.755152174940476,67.76900686325227,8.23219332032796,36.102077096847545,29.35644083231523,lstm_fedProx_diff001
87,47,8.973938259200681,134.60940628042124,11.602129385609404,56.19347683011562,40.4285779436649,lstm_fedProx_diff001
88,47,27.957078960034,1507.1625810381763,38.822191862878846,12.390501627563184,11.46151950730594,lstm_fedProx_diff001
89,47,24.88893221598639,1327.3427457910952,36.43271532278503,5.869843170198175,5.849985648811556,lstm_fedProx_diff001
90,47,5.015140831462588,40.129026440481056,6.334747543547498,4.5102759462437305,4.573384665999183,lstm_fedProx_diff001
91,47,37.62528044430272,1965.8084600522395,44.33743858244677,32.189482826978285,28.140888134050297,lstm_fedProx_diff001
92,47,2.5439691458418365,10.83230242355062,3.2912463328579067,9.32066469659371,9.168080561876025,lstm_fedProx_diff001
93,47,5.056682261054422,47.98697607334962,6.927263245564558,10.034039744143564,9.793955569305664,lstm_fedProx_diff001
94,47,4.923841432372448,40.7031585010127,6.3799027030992175,25.710532642130275,22.37444849178179,lstm_fedProx_diff001
95,47,12.482490676445584,243.0346942371837,15.589570046578697,7.412692725009634,7.519832621609007,lstm_fedProx_diff001
96,47,11.62217485926871,218.90255903816208,14.795355995654925,7.743357844006892,7.859347302012344,lstm_fedProx_diff001
97,47,13.28623916539116,274.28344583890413,16.561504938830414,10.355533622444174,10.458352876507778,lstm_fedProx_diff001
98,47,13.622090101360552,298.21953037421514,17.269033857579153,7.90676278968838,8.178365666568007,lstm_fedProx_diff001
99,47,1.0682536577465984,2.022475577807583,1.422137678921272,29.766566357776224,25.83052625194897,lstm_fedProx_diff001
100,47,6.3947313856972805,67.46579061087716,8.213756181606389,10.555622963753168,10.598700641801136,lstm_fedProx_diff001
101,47,5.314159362874151,42.94237359168511,6.553043078729539,23.2119839103365,22.46155732375732,lstm_fedProx_diff001
102,47,3.007136182244897,14.061298203114433,3.749839756991548,23.76546458379079,20.81441899584348,lstm_fedProx_diff001
103,47,7.525280103758505,89.18575151175651,9.443820811078348,182708010.37527552,27.40263123246785,lstm_fedProx_diff001
104,47,12.817774024234696,247.02666918794827,15.717082082497,12.079054928970091,12.452823780985195,lstm_fedProx_diff001
105,47,17.469374561507937,552.2239943423012,23.49944668162,20.37423797908148,20.30826836078732,lstm_fedProx_diff001
106,47,1.7275192646825397,5.06426828716387,2.250392918395334,93775534.23275468,51.53669525272841,lstm_fedProx_diff001
107,47,15.192557690674604,335.1494616504112,18.30708774356017,23550.387681878296,128.6996082459333,lstm_fedProx_diff001
108,47,27.775439226190475,1425.6582780289953,37.75789027513316,13.283895406852666,12.730043796092913,lstm_fedProx_diff001
109,47,21.820731860119047,784.5430082149369,28.009694896855567,10.446994034600218,10.10403728867768,lstm_fedProx_diff001
110,47,17.956079042658732,557.2721585532512,23.60661260226149,6.856870907088387,6.5271623835242805,lstm_fedProx_diff001
111,47,33.486536235119054,1864.74681985706,43.18271436416497,8.413396224178936,8.473560210885829,lstm_fedProx_diff001
112,47,15.266273175595238,347.2115972123061,18.633614711384,58580.87515604829,67.9042516260145,lstm_fedProx_diff001
113,47,23.139824697420632,889.9189675134975,29.831509641878625,6.329344952557483,6.209346489151566,lstm_fedProx_diff001
114,47,68.28287074404761,7258.324762204766,85.19580249170005,7.524587728252046,7.549783356692003,lstm_fedProx_diff001
115,47,31.201145873015868,1835.147508295209,42.83862168995647,5.893496556613211,6.029775293971979,lstm_fedProx_diff001
116,47,10.722352916666669,215.02265846181024,14.663650925394066,5.971637677304022,6.059568362374672,lstm_fedProx_diff001
117,47,6.311680484126985,65.72872607876262,8.107325457804357,12.549217319274284,12.840992963225364,lstm_fedProx_diff001
118,47,73.80238658680557,9918.290289597018,99.59061346129472,199.6633480014936,27.556234321627933,lstm_fedProx_diff001
119,47,21.189678164682544,846.1626712473125,29.08887538643102,4.043452737438035,4.093436997653119,lstm_fedProx_diff001
120,47,16.54888798611111,447.5281409398221,21.154860929342505,7.261435164564816,7.356208252855012,lstm_fedProx_diff001
121,47,95.09958325446428,16089.94640385174,126.84615249920569,167.1527438339283,26.104098986199222,lstm_fedProx_diff001
122,47,20.463955476190478,718.5974851995718,26.806668670306124,7.240469638764245,7.329283939752694,lstm_fedProx_diff001
123,47,13.501835050099208,326.9016016700706,18.080420395280377,11.06751642293558,11.099090836224814,lstm_fedProx_diff001
124,47,12.133760640128967,247.96466583469703,15.746893847190847,38.82687382010236,34.3952690659444,lstm_fedProx_diff001
125,47,22.82492680704365,813.722312472868,28.52581834887245,15.017416136950928,14.236404378360188,lstm_fedProx_diff001
126,47,9.263945162698414,135.08760887547896,11.6227195128971,7.887546700925731,7.930522439906058,lstm_fedProx_diff001
127,47,2.58841260515873,10.270555772372752,3.204770783125176,11.895281262280944,11.709218680530917,lstm_fedProx_diff001
128,47,12.311061770337302,255.5496081498284,15.985919058653725,12.881225224023868,12.575415594386266,lstm_fedProx_diff001
129,47,12.270576994543651,234.23407823024849,15.304707714629783,12.23866485499108,12.170405822462875,lstm_fedProx_diff001
130,47,6.425315052083335,59.11139754144434,7.688393690586112,19.292904310827964,19.07232941543416,lstm_fedProx_diff001
131,47,15.36353482688492,384.7687382705376,19.61552289057158,10.426150475925152,10.2882935425384,lstm_fedProx_diff001
132,47,8.528216973214287,116.4192882096651,10.78977702316712,15.176058308123787,15.21831021299224,lstm_fedProx_diff001
133,47,8.766855260912699,147.732203383578,12.154513704117411,41.97873362719214,15.428956087113315,lstm_fedProx_diff001
134,47,9.664154760416666,147.10498815354305,12.128684518674852,12.687778780960551,12.254328692053171,lstm_fedProx_diff001
135,47,3.7904940124007935,26.449552382144603,5.142912830502244,10.37468067427795,10.15431834405231,lstm_fedProx_diff001
136,47,3.5546139126984126,21.75905863822583,4.664660613402204,8.484802560228667,8.54370426567146,lstm_fedProx_diff001
137,47,8.058644939484127,93.21529884246672,9.654807032896448,18.779072589442585,18.734485091420677,lstm_fedProx_diff001
138,47,21.438344596726196,733.3957315910197,27.0812800951325,19.254185091514497,18.640217556096857,lstm_fedProx_diff001
139,47,9.85257645188492,152.88151261595624,12.364526380575857,14.713706132211904,14.718262974368375,lstm_fedProx_diff001
140,47,5.932152357142857,59.26512503856339,7.698384573309091,18.252770887951947,17.99781461324045,lstm_fedProx_diff001
141,47,14.261383717261904,364.76362142827753,19.098785862674035,21.148061809805828,21.280198738017464,lstm_fedProx_diff001
142,47,5.068571820436508,48.86834856367337,6.9905900011138815,12.88766295368722,13.133676392478048,lstm_fedProx_diff001
143,47,12.464201053075396,263.1671454792193,16.22242723759978,21.91147784548043,21.64994761923028,lstm_fedProx_diff001
144,47,10.31823560565476,180.94009633190143,13.451397560547433,24.00393045903769,18.98926535149287,lstm_fedProx_diff001
145,47,3.965035429563492,26.16168590351321,5.114849548472878,13.235347064672636,13.35602604279844,lstm_fedProx_diff001
146,47,2.9133808823908725,14.336855101741945,3.78640398026174,21.943567007793423,19.552813805497163,lstm_fedProx_diff001
147,47,21.35728327083333,768.7767436531357,27.726823540628228,12.828288997410269,12.944794776312568,lstm_fedProx_diff001
148,47,45.21269423511905,3913.434346813936,62.55744837198794,307.6199428983528,33.191020288952615,lstm_fedProx_diff001
149,47,17.271393851686508,555.7947343628733,23.575299242276294,15.401778232397714,15.860722062858152,lstm_fedProx_diff001
150,47,29.981088169642856,1680.8006399986089,40.99756870838329,6.711988524892118,6.911434141376104,lstm_fedProx_diff001
151,47,7.986329720734128,120.86085724592172,10.993673510065763,14.396088594094952,14.617129086481588,lstm_fedProx_diff001
152,47,2.493129731398809,10.35795746617598,3.218378080054607,18.145068473211044,17.249979106181147,lstm_fedProx_diff001
153,47,4.0431694164682535,27.291798112487985,5.224155253482421,58.99018777149352,22.466880825969582,lstm_fedProx_diff001
154,47,19.48473223214286,678.8069563891087,26.053924011348247,8.280772322924518,8.411388057607898,lstm_fedProx_diff001
155,47,11.509812351190476,224.27947329535584,14.975963184228114,13.786037562495968,13.855601019229097,lstm_fedProx_diff001
156,47,13.924815594742064,274.0219381668975,16.55360801054856,11.35235882492852,11.901057738123754,lstm_fedProx_diff001
157,47,15.289077193452384,345.1415341062526,18.577985200399223,23.047303968458017,21.228607947242818,lstm_fedProx_diff001
158,47,3.459392235962301,22.591687409480123,4.753071365914899,27.98725088223788,23.590313068717546,lstm_fedProx_diff001
159,47,2.6830846617063493,12.921999141484164,3.594718228385107,23.4526268718987,20.421765486115905,lstm_fedProx_diff001
160,47,10.701609829117062,236.48059686860768,15.377925636073536,319.0126102689493,112.88230752231269,lstm_fedProx_diff001
161,47,4.497265169494047,35.37165817043194,5.947407684902048,70.5454023072773,41.198894651728416,lstm_fedProx_diff001
162,47,20.05870321329365,756.6123237541661,27.50658691575831,26.899313976771374,23.58654022544484,lstm_fedProx_diff001
163,47,12.410851479166666,263.5111331975526,16.233026002491112,10.980559532686373,11.2629474626151,lstm_fedProx_diff001
164,47,13.477857109623018,479.1862025754424,21.89032212132664,1076348291.4399345,53.68305860575341,lstm_fedProx_diff001
165,47,23.64272130704365,922.866314361822,30.378714824064264,1184138684.6598186,124.31627359137036,lstm_fedProx_diff001
166,47,38.126969975198406,2385.143539908246,48.83793136393316,11.240682800675737,10.997487888901256,lstm_fedProx_diff001
167,47,8.715040329365076,121.9826985123768,11.044577787872962,9.915685229382676,10.168162256317364,lstm_fedProx_diff001
168,47,43.56343018849206,2628.3895398328323,51.26782168020046,10.248992784693751,10.77077740685614,lstm_fedProx_diff001
169,47,57.97025810019844,4194.799951110994,64.76727531022895,11.422081765824537,12.075553414682762,lstm_fedProx_diff001
170,47,17.00985083531746,499.18018316761095,22.34234059286562,26.06973676468522,26.24768530463702,lstm_fedProx_diff001
171,47,11.444775402777775,164.94327086212064,12.843024210135267,1114559517.9335968,75.77825714999116,lstm_fedProx_diff001
172,47,15.850607053075397,394.7766899880325,19.86898814706055,13.209688056934596,13.76803217397106,lstm_fedProx_diff001
173,47,14.502376176587308,351.4860665387735,18.747961663572216,10.039468177525189,10.335593057827872,lstm_fedProx_diff001
174,47,16.32983301140873,397.5693697554199,19.93914165041765,10.377766207176654,10.799014580997964,lstm_fedProx_diff001
175,47,17.704633853174602,514.0477584470959,22.67262134044266,480795252.36273736,14.479952565411828,lstm_fedProx_diff001
176,47,9.003565306051588,134.3655613615648,11.591615994397191,15.98286705417666,15.98248894504285,lstm_fedProx_diff001
177,47,44.54995515128969,5458.668528229655,73.88280265548713,10211537610.794697,12.746339200760437,lstm_fedProx_diff001
178,47,8.17698153298611,148.00911036054956,12.165899488346495,36.03591887717921,28.35220135190105,lstm_fedProx_diff001
179,47,10.17787266468254,194.26629475798703,13.937944423694155,16.624521868250422,16.18619280910002,lstm_fedProx_diff001
180,47,5.757251047073413,41.77425564917128,6.463300677608252,3710949328.005745,49.0474195484626,lstm_fedProx_diff001
181,47,41.58839796577381,6013.373789835854,77.54594631465821,6234.346597316492,29.222687760232407,lstm_fedProx_diff001
182,47,2.329897932688492,13.594976039638416,3.687136563735932,273377.4316663696,167.80184875306082,lstm_fedProx_diff001
183,47,23.91228885664683,937.3316521529424,30.61587255253298,11.296842859669615,11.51802854796928,lstm_fedProx_diff001
184,47,8.445838855902778,106.59065382979009,10.324274978408416,29.788098131474523,26.847947958371236,lstm_fedProx_diff001
185,47,21.51694682986111,773.5588010828089,27.812925072397707,31.16669676355246,25.53053519615328,lstm_fedProx_diff001
186,47,0.5159748192311508,0.5105924490891698,0.7145575197905133,267276483.23959112,50.3139564375911,lstm_fedProx_diff001
187,47,7.05769151453373,81.46521794363703,9.025808437122794,56.05254718380436,42.7236510576577,lstm_fedProx_diff001
188,47,3.1203188362847225,22.208743461721717,4.712615352617028,3805463513.9988856,24.151058523907597,lstm_fedProx_diff001
189,47,2.1280290121527776,7.49276210407561,2.73729101559838,16.42989213801401,16.960347571207514,lstm_fedProx_diff001
190,47,14.599039148313494,265.8706050869324,16.30553909218988,11.234876057817525,11.850539876267243,lstm_fedProx_diff001
191,47,11.599955940277775,226.41412137451496,15.047063546569976,15126235934.9603,36.79668095591453,lstm_fedProx_diff001
192,47,81.84756016369046,7551.568255370445,86.89975981192609,12.356077663272403,13.069880521486976,lstm_fedProx_diff001
193,47,2.5867634490079365,12.42983560619146,3.525597198517077,48.49130022001805,38.5746376392665,lstm_fedProx_diff001
194,47,24.87862288343254,1040.1763913774762,32.25176570945343,21.2440094267182,19.378534656780264,lstm_fedProx_diff001
195,47,1.123391277380952,2.1733637495646665,1.4742332751517535,16.660694805325832,15.621963350953369,lstm_fedProx_diff001
196,47,6.112632505704365,66.9755315991283,8.183857989917,1462424859.8464851,14.944132125869375,lstm_fedProx_diff001
197,47,24.15451935565476,961.696510710708,31.01123200891425,23.02004897110554,22.891594785483207,lstm_fedProx_diff001
198,47,21.347789057539693,753.4959802380828,27.44988124269544,16.304319299191995,16.155356244576712,lstm_fedProx_diff001
199,47,11.19329770734127,137.67392916655086,11.73345342030857,14.211982421036382,15.20230264663753,lstm_fedProx_diff001
200,47,19.965785786706352,708.5660712385229,26.61890439590861,12.556951921191892,12.742328219803706,lstm_fedProx_diff001
201,47,63.57046700396823,4762.226020658075,69.00888363579051,11.81084397739533,12.474614680408216,lstm_fedProx_diff001
202,47,21.814620391865077,727.8075796012702,26.97790910358455,10.26925643216317,10.615661295532025,lstm_fedProx_diff001
203,47,33.73552288194445,1801.2338122518904,42.44094499715918,9.4490343014401,9.767595406603924,lstm_fedProx_diff001
204,47,2.889060524305556,14.27738574770845,3.778542807446867,9.414743653022716,9.73872131687568,lstm_fedProx_diff001
205,47,7.586860841269842,87.65492793054511,9.362421050697575,9.04832488382612,9.302685319645867,lstm_fedProx_diff001
206,47,19.373264904761907,502.514814552833,22.4168422074304,10.796955898024924,11.314323129238884,lstm_fedProx_diff001
207,47,14.351855567956346,290.8358259015511,17.05390940229105,11.83903526281448,12.439578304738829,lstm_fedProx_diff001
208,47,5.553506080853176,54.38695883296324,7.374751442114048,13.89080798232176,13.823908699980567,lstm_fedProx_diff001
209,47,127.90370357142857,17646.07870520422,132.83854374843253,13.341246344005096,14.169930806642888,lstm_fedProx_diff001
210,47,17.411625887896825,504.4767480865026,22.460559834663574,9.542204281054694,10.0119835895998,lstm_fedProx_diff001
211,47,24.41522071577381,893.023472912329,29.883498337917683,13.690394991309883,14.25849495069269,lstm_fedProx_diff001
212,47,110.30087043154762,13938.936616111,118.0632737819471,12.044590450502463,12.72263868425767,lstm_fedProx_diff001
213,47,24.291783427579364,669.8074335964786,25.88063819917273,12.429371558109796,13.155593401709112,lstm_fedProx_diff001
214,47,18.42418232638889,564.617701626042,23.761685580489488,15.0223535441753,14.758902443664338,lstm_fedProx_diff001
215,47,3.197202047123016,16.325666718471034,4.0405032753941725,10.632203477406916,10.822745495728867,lstm_fedProx_diff001
216,47,28.382740524305557,1186.437993493237,34.444709223525706,22.472257350279783,21.524780454621776,lstm_fedProx_diff001
217,47,30.26309288194444,1456.438516023142,38.16331374531229,11.491174492350275,11.977309888961278,lstm_fedProx_diff001
218,47,16.030581964285712,305.7693957558652,17.48626305863735,1259791963.63736,22.22278778691029,lstm_fedProx_diff001
219,47,19.43850984623016,472.609664484187,21.7395874957228,10.849761479892951,11.42537716967389,lstm_fedProx_diff001
220,47,34.660403095238095,1329.1614812796731,36.45766697526973,12.93415874989333,13.707839408095715,lstm_fedProx_diff001
221,47,39.9145056795635,2258.759177778467,47.52640505843532,11.38786443620157,11.881278993760445,lstm_fedProx_diff001
222,47,2.541925701388889,12.483340735211364,3.5331771446123903,21.71788130422979,19.35022684909854,lstm_fedProx_diff001
223,47,281.3899782738095,88614.81094139663,297.6823994484669,11.943352614016773,12.58486583356801,lstm_fedProx_diff001
224,47,44.301596294642856,3351.515980174667,57.89227910675712,10.334774635557595,10.771819405545084,lstm_fedProx_diff001
225,47,19.300868167162697,611.0470645015733,24.719366183249388,14.582355491198165,15.02823827708395,lstm_fedProx_diff001
226,47,7.427246847222222,91.15269186030888,9.54739188785654,14.77076346315024,14.762648986568935,lstm_fedProx_diff001
227,47,2.178727824404762,7.5289789644791005,2.743898497481112,24.91792287900178,22.295568600743977,lstm_fedProx_diff001
228,47,4.741474598710318,36.23820884394158,6.019818007543217,533596977.6624293,14.529145972468646,lstm_fedProx_diff001
229,47,57.952299097222216,5089.102663961548,71.33794687234521,22.60675742457748,21.70823106379619,lstm_fedProx_diff001
230,47,4.150878225595238,33.38730375072068,5.778174776754393,48.023886996765626,34.36543878588137,lstm_fedProx_diff001
231,47,9.64324433234127,104.66439811283944,10.230561964664476,12.520525098990348,13.264058467858236,lstm_fedProx_diff001
232,47,9.688207003472224,146.79773881837386,12.116011671270948,9.747482097652856,10.10363403731083,lstm_fedProx_diff001
233,47,5.700531195188492,49.430536883008905,7.030685377899434,30.1222198934009,25.828856134503177,lstm_fedProx_diff001
234,47,9.605240882936508,142.07813985174832,11.91965351223551,12.689984203477431,13.068480334665017,lstm_fedProx_diff001
235,47,4.821527706845238,35.88716565451176,5.990589758488872,11.877007966280685,12.308587940013757,lstm_fedProx_diff001
236,47,6.855541263392857,76.67916849392171,8.756664233252392,11.472991019639146,11.917635599777244,lstm_fedProx_diff001
237,47,26.538573461805555,1043.763781279961,32.307333243088344,21.70058346595058,20.949880084935973,lstm_fedProx_diff001
238,47,13.814896131448412,294.92419330777705,17.173357077396865,10.538856009978952,11.062177972350966,lstm_fedProx_diff001
239,47,13.0672842078373,278.38851349222847,16.684978678207187,8.630540278377435,8.9824735360997,lstm_fedProx_diff001
240,47,8.856425948908731,133.24830343964734,11.54332289419504,9.867121212297302,10.08343285927219,lstm_fedProx_diff001
241,47,7.300612061011905,110.85679351970134,10.528855280594437,18.27073934573664,17.350833690027493,lstm_fedProx_diff001
242,47,2.7434427561011905,10.556475299450494,3.2490729907852938,23.156131043690586,22.252824267041333,lstm_fedProx_diff001
243,47,7.009625886904762,77.47674635910235,8.802087613691558,11.056121273444344,11.598978024546415,lstm_fedProx_diff001
244,47,15.214131038690477,415.850499276626,20.392412787030032,2072269726.8888571,20.708118724516503,lstm_fedProx_diff001
245,47,52.573424191468256,6351.683980425359,79.69745278505053,843.9714071622187,85.40514590130462,lstm_fedProx_diff001
246,47,38.62635855654761,1918.095632671476,43.79606868968351,11.2267330416356,11.843630111022293,lstm_fedProx_diff001
247,47,18.511146334325385,495.8384832523228,22.267430998036637,10.622085777998793,11.208525908562198,lstm_fedProx_diff001
248,47,11.66400364732143,258.1858973434676,16.06816409374349,20.80778126498764,19.929759714756887,lstm_fedProx_diff001
249,47,44.16741145833334,2404.786892972897,49.03862654044154,11.762217818373282,12.454426323254612,lstm_fedProx_diff001
250,47,20.02331594494048,704.3466951649258,26.539530801521828,10.696950888193127,11.07445311519567,lstm_fedProx_diff001
251,47,6.647101616865079,92.38655143578826,9.611792311311572,204.33207523729783,79.05332540819175,lstm_fedProx_diff001
252,47,4.428771888095239,43.35437597957449,6.58440399577475,262967527.03575855,102.56138012851244,lstm_fedProx_diff001
253,47,9.922374946428572,131.88516078106866,11.48412647009204,11.30857764879362,11.948090858137796,lstm_fedProx_diff001
254,47,63.19795291617064,7406.971934352106,86.06376667536755,35614499818.44879,29.38964110262592,lstm_fedProx_diff001
255,47,4.10387642609127,31.459899998142244,5.608912550409593,11.272879663054832,10.939660969941002,lstm_fedProx_diff001
256,47,5.412691932539683,44.19103144459034,6.647633522133297,73.20699827891313,46.378752696371976,lstm_fedProx_diff001
257,47,8.218344923611111,117.3958119662904,10.834934792895176,17.004948139307803,16.618143602749914,lstm_fedProx_diff001
258,47,45.54304387351191,2834.704803018189,53.241945898118615,319214879248.1646,165.87536996098615,lstm_fedProx_diff001
259,47,108.35466257936508,25591.26279325313,159.97269389884366,4104.757367770619,81.68823840690688,lstm_fedProx_diff001
260,47,13.516991182390871,303.2204769071102,17.41322706758027,39255211047.83008,151.22214989065742,lstm_fedProx_diff001
261,47,20.37960709623016,709.0504453130621,26.62800115128926,14.788660026043846,14.691621577375937,lstm_fedProx_diff001
262,47,2.611777629117064,11.829513367409172,3.439405961413856,397538416.2564815,17.826523160574812,lstm_fedProx_diff001
263,47,12.10217226736111,245.27248682018453,15.6611776958243,22.889531822539507,21.518607040243584,lstm_fedProx_diff001
264,47,14.207885408730151,324.7728770515819,18.02145601918951,12.313849202302832,12.86557802562395,lstm_fedProx_diff001
265,47,19.376644437500005,639.710109507319,25.29249116847368,14.624323216381924,15.048957898389324,lstm_fedProx_diff001
266,47,19.53506563144841,574.265483747205,23.963836999679437,28.702626338967196,25.369187900902297,lstm_fedProx_diff001
267,47,27.92818332886905,1231.8200226784434,35.09729366601424,29.590523730553635,25.305756065164488,lstm_fedProx_diff001
268,47,11.432489612103174,219.1661810454072,14.804262259410535,15.089251037083034,15.108632841219482,lstm_fedProx_diff001
269,47,29.61172573363095,2036.3365913508133,45.12578632390591,4236440772.5773535,21.5589107629395,lstm_fedProx_diff001
270,47,9.640078505704365,221.9577145164523,14.898245350256932,1017.5553007922152,62.59213813827456,lstm_fedProx_diff001
271,47,14.2375752703373,378.2465800804984,19.44856241680856,18.46359117026016,16.638581604844155,lstm_fedProx_diff001
272,47,2.502321265079365,11.39834643261528,3.376143722150359,16.680724153011088,15.725900764270945,lstm_fedProx_diff001
273,47,28.838447802083333,1371.6042308318338,37.03517558797088,16.84332486514569,16.63550115851258,lstm_fedProx_diff001
274,47,7.575161206001985,101.16910318118546,10.058285300248023,729752036.5632068,29.20876442435664,lstm_fedProx_diff001
275,47,20.199014461309524,588.5785532742444,24.260637940380803,3092999023.3212013,17.26475223147067,lstm_fedProx_diff001
276,47,25.49245891666667,919.9167826318192,30.330129947493123,4023449022.5598736,16.565978614654835,lstm_fedProx_diff001
277,47,7.642477287698413,98.41097710878304,9.920230698364984,13.90978770284474,13.835941519088417,lstm_fedProx_diff001
278,47,25.611301172123014,1289.3643927036576,35.907720516675205,32274040119.710945,36.24877632205461,lstm_fedProx_diff001
279,47,7.935858835317458,110.48543734661013,10.51120532320676,17.700235962183807,16.838526172409722,lstm_fedProx_diff001
280,47,26.61065676636905,1170.3622145245463,34.21055706247044,78.45907882397131,56.253245043128,lstm_fedProx_diff001
281,47,13.10396522420635,263.6482302126098,16.23724823400227,20.620948648296167,19.325459713003664,lstm_fedProx_diff001
282,47,9.811456222718252,217.28053253132745,14.740438681780384,730.0547421392864,80.04516797734424,lstm_fedProx_diff001
283,47,13.096419688988094,271.4358337960798,16.47530982397842,13.903221876359597,14.133423499492592,lstm_fedProx_diff001
284,47,47.19313118551587,4550.364676337936,67.45639092286169,5660279237.077232,19.704826215021995,lstm_fedProx_diff001
285,47,147.27168757936508,34114.324703332524,184.70063536255776,67.31325152272856,44.451536000498464,lstm_fedProx_diff001
286,47,2.540815875992063,8.754340987403888,2.9587735613601605,10.95658945789236,11.532455215709575,lstm_fedProx_diff001
287,47,4.962750125992063,48.43825827330719,6.959759929286871,13.523678685686564,13.515467510546062,lstm_fedProx_diff001
288,47,5.2273384725694445,45.91562064976706,6.776106599646073,406453677.5500482,39.73101847471612,lstm_fedProx_diff001
289,47,4.846334855803571,39.78305189705854,6.307380747747716,465467607.3734984,35.4117945619641,lstm_fedProx_diff001
290,47,22.006636168650797,670.6769757880234,25.89743183769432,48.31533149094367,39.3893257187007,lstm_fedProx_diff001
291,47,20.368382534722222,2721.3809478658104,52.166856794959486,1695.5449974486194,19.832830753389267,lstm_fedProx_diff001
292,47,13.39175603968254,466.36994018242274,21.59560001904144,760.7877025708427,27.768376932075512,lstm_fedProx_diff001
293,47,127.64858875992064,45211.21500941004,212.62929010230465,4096.535129066534,30.269935330995484,lstm_fedProx_diff001
294,47,14.74765327876984,441.13662974814014,21.00325283731404,293.37376513646177,47.74350658620861,lstm_fedProx_diff001
295,47,14.62386265922619,444.7107041999964,21.08816502685799,327.974750052925,36.77827667788735,lstm_fedProx_diff001
296,47,9.507157367063494,220.49825761809691,14.849183735751163,325.2553421022415,29.584217807353426,lstm_fedProx_diff001
297,47,21.128598517361112,1020.37438743456,31.94329957024728,708.0982148474282,31.30576966259208,lstm_fedProx_diff001
298,47,4.114890284722223,41.89108285396088,6.472332103188223,423329773.1846836,29.418719654434245,lstm_fedProx_diff001
299,47,68.6952160674342,7444.023902179795,86.27875695778071,664.651509416524,75.94618296772556,lstm_fedProx_diff001
300,47,25.86621951104418,1380.5528017866334,37.15579095896942,791.7607091765158,32.09741330303934,lstm_fedProx_diff001
301,47,4.103311441964285,126.67746253849006,11.255108286395563,389.66745685252897,19.176991785936043,lstm_fedProx_diff001
302,47,9.020002025793652,188.11017696118836,13.71532635270442,219779762.31496143,31.790711700115605,lstm_fedProx_diff001
303,47,4.991632335069444,53.93383285818491,7.343965744622241,190.8079293987477,33.61956521124926,lstm_fedProx_diff001
304,47,1.5524605239484126,5.4206438234767385,2.328227614189974,15312628.273168808,173.4080211382479,lstm_fedProx_diff001
305,47,9.723866190972222,233.5593585143048,15.282648936434573,408.9899842951144,29.396308222180277,lstm_fedProx_diff001
306,47,17.15977216170635,701.2567262662532,26.481252354566863,587.1305427956528,30.30119854493584,lstm_fedProx_diff001
307,47,2.20444780109127,12.672254324481854,3.5598109956122466,134.0867176217916,27.178309317080167,lstm_fedProx_diff001
308,47,2.003647072420635,10.6702286042897,3.266531586299098,127.19777022749344,28.74712104268942,lstm_fedProx_diff001
309,47,1.1487082863591271,1.8930989941409444,1.3758993401193798,421215826.84209824,68.56808304074092,lstm_fedProx_diff001
310,47,7.761545678323412,119.99435761151936,10.954193608455135,278.4656649206987,37.53883223800362,lstm_fedProx_diff001
311,47,12.335412359623016,324.75500554005043,18.020960172533822,85237384.46024832,35.83077658215716,lstm_fedProx_diff001
312,47,0.5374733092311508,0.7447695198428962,0.863000301183549,131121281.67972308,33.543244943888006,lstm_fedProx_diff001
313,47,20.425018463789684,944.3868823073046,30.73087831981547,858.0609582234982,50.55857739398139,lstm_fedProx_diff001
314,47,0.9762002026488096,1.2150187804651236,1.1022789032114892,1071986937.0765948,106.77010099851556,lstm_fedProx_diff001
315,47,13.753424808531744,372.95821625347855,19.3121261453388,405.5865592364251,50.53949728063123,lstm_fedProx_diff001
316,47,4.979726657490079,44.28029071778096,6.654343748092741,199.34390391310072,34.529430942729675,lstm_fedProx_diff001
317,47,9.03835305828373,147.96739902654753,12.16418509504634,205.0122461119592,41.43662877820476,lstm_fedProx_diff001
318,47,29.44208088343254,3829.071585781107,61.879492449284896,1881.0314553263304,23.093857974362013,lstm_fedProx_diff001
319,47,3.575204465277778,31.311248377086304,5.595645483506465,99350.7773653434,30.17845904203142,lstm_fedProx_diff001
320,47,9.97962615327381,521.3749927407848,22.83363730860208,823.4310880459857,21.004596465759047,lstm_fedProx_diff001
321,47,7.169959109623016,116.2621517935494,10.782492837630333,258.4209711554416,30.660763380594517,lstm_fedProx_diff001
322,47,5.586343816468254,105.71073280538982,10.281572486997783,300.80668023408066,25.664396328257283,lstm_fedProx_diff001
323,47,87.11036684027778,17053.477214556544,130.5889628359018,2814.3243036049566,32.455774739980384,lstm_fedProx_diff001
324,47,3.659309106150794,53.12466281832689,7.288666738047974,283.7604160245936,23.878527216479515,lstm_fedProx_diff001
325,47,11.596789341765874,292.6848931168653,17.108035922246167,353.7872499242392,33.83901068257965,lstm_fedProx_diff001
326,47,12.67799916220238,364.5980971624744,19.09445199953312,495.7000767191519,29.30575463327289,lstm_fedProx_diff001
327,47,25.721463864583328,1881.305091380644,43.374014010472266,1160.476310794747,26.525009971984577,lstm_fedProx_diff001
328,47,11.7888275828373,268.5796495712057,16.388399847794954,249.61163238352665,40.17378249353861,lstm_fedProx_diff001
329,47,0.5710807199751984,0.5762940749871623,0.7591403526273401,314027309.08657223,62.163987867016736,lstm_fedProx_diff001
330,47,13.614886057539682,491.63717693829966,22.17289284099618,604.5973484951563,28.69297460783549,lstm_fedProx_diff001
331,47,98.62232939930556,20732.670668436574,143.98843935690317,1945.3774784647096,127.26090092230773,lstm_fedProx_diff001
332,47,57.946556626984126,11225.47290071248,105.95033223502642,3021.47739240814,24.524381027079865,lstm_fedProx_diff001
333,47,12.783640495039682,404.6538833658064,20.11601062253165,400.0112991176664,31.505169612680252,lstm_fedProx_diff001
334,47,12.727267594246031,308.9477645750072,17.57690998369757,367.4905800479477,37.91735988825122,lstm_fedProx_diff001
335,47,151.62948289186505,36278.29673980232,190.46862402979212,2225.837120021485,48.50672347466333,lstm_fedProx_diff001
336,47,13.41699132638889,353.93787774321964,18.81323676944559,302.92773308389064,42.19720463433072,lstm_fedProx_diff001
337,47,16.692671452876983,766.733683140969,27.689956358596323,755.6846900375427,27.90764037737056,lstm_fedProx_diff001
338,47,18.35789907142857,621.3470953444662,24.92683484408853,775.1047265151703,33.782243158538364,lstm_fedProx_diff001
339,47,2.6914694174107137,20.347613019057185,4.510832852041537,178.4004172669461,26.67067698955609,lstm_fedProx_diff001
340,47,12.002617045188492,228.8940630840661,15.129245291291502,94381680.68421283,110.72864872592405,lstm_fedProx_diff001
341,47,47.82717416666667,3587.046335140385,59.89195551274299,17.94093721565133,16.20842887350707,lstm_fedProx_diff001
342,47,7.525340737847221,99.53587423675268,9.976766722578647,245.9967860944851,39.47893914086742,lstm_fedProx_diff001
343,47,9.217844791666668,172.12583970969186,13.119673765368248,260.41985560521255,37.716492231624215,lstm_fedProx_diff001
344,47,23.045137073412697,1126.3101044573302,33.56054386414693,808.9985580893375,31.5302591681682,lstm_fedProx_diff001
345,47,0.0275239965892857,0.0011087164445568,0.0332973939604415,53.90714234809026,50.15664616374107,lstm_fedProx_diff001
346,47,4.628807922123016,46.933497335357146,6.850802678179918,223.9046320094503,32.14997070715146,lstm_fedProx_diff001
347,47,29.663314278769843,2080.601589901765,45.613611892742775,978.6850968418166,32.502002497692544,lstm_fedProx_diff001
348,47,3.215094688988096,27.44273922886508,5.238581795568823,160.86945482329492,27.413064943385663,lstm_fedProx_diff001
349,47,11.987750004464289,662.5009712654653,25.739094219988885,885.310881194661,22.210341386006803,lstm_fedProx_diff001
350,47,30.42568095386905,1950.936976365948,44.16941222572412,536364683.2794228,31.9232968376723,lstm_fedProx_diff001
351,47,14.150432793154762,457.96356609406496,21.40008331979259,361.8792816986538,34.84928522659383,lstm_fedProx_diff001
352,47,20.884727738095243,2890.5446396544053,53.763785577788376,1747.8582935068737,19.87412349552087,lstm_fedProx_diff001
353,47,24.856201295138888,1173.9139371680074,34.262427485045585,623.0886340965898,37.94134897702223,lstm_fedProx_diff001
354,47,10.758577257936508,285.4555443444528,16.895429688068095,1106.2243314660618,49.44535004079924,lstm_fedProx_diff001
355,47,25.35353593253968,2353.104406208521,48.508807511714,1563.7223281637398,23.96716396004872,lstm_fedProx_diff001
356,47,0.2599784556349207,0.2290171138139832,0.4785573255253577,24878555.69988973,33.64559768178391,lstm_fedProx_diff001
357,47,0.9936928401488094,1.3941604116745243,1.1807457015270155,597533204.3611916,70.19192754112453,lstm_fedProx_diff001
358,47,11.059294203869047,426.58139882272445,20.653847070769277,521.1033170693872,25.1694518081299,lstm_fedProx_diff001
359,47,1.6880740382440478,5.339131487871465,2.310656073038881,83.22303656089063,39.26387322128297,lstm_fedProx_diff001
360,47,9.75399865277778,302.7433229958692,17.39952076914388,466.3663953332674,25.882229962478604,lstm_fedProx_diff001
361,47,3.484637608382937,27.19221836819412,5.214615840902772,83242104.48887812,31.31042628873533,lstm_fedProx_diff001
362,47,2.831035048065476,19.629964744700636,4.430571604736869,161.31739858953233,34.0618461811319,lstm_fedProx_diff001
363,47,8.399619723363097,116.14364689617383,10.776996190784043,211.344695942054,62.14192261410615,lstm_fedProx_diff001
364,47,21.40945596329365,925.0605879545903,30.414808695018785,594.3823775702901,33.59139973660017,lstm_fedProx_diff001
365,47,185.5050701984127,42825.59661792437,206.94346237058173,5343462315.5208645,15.163534400581035,lstm_fedProx_diff001
366,47,3.674159575644841,29.59484973791302,5.440114864404337,183.0872006258141,32.0550218620077,lstm_fedProx_diff001
367,47,10.418855510416666,314.6213689167044,17.737569419644405,442.8305140258208,28.7180838294719,lstm_fedProx_diff001
368,47,15.953163575892855,529.844735055881,23.018356480337182,537.6488688053477,33.69351995550509,lstm_fedProx_diff001
369,47,3.3388168968253966,26.857557748780412,5.182427785196858,153.98206364932776,30.62144566765303,lstm_fedProx_diff001
370,47,6.272967682787699,73.19375621431844,8.555334956290048,223.57545232616545,33.915787346739414,lstm_fedProx_diff001
371,47,2.769645000248016,10.47852598443501,3.2370551407776498,133.84776956569164,53.61979323038154,lstm_fedProx_diff001
372,47,11.219168757936508,232.57295777934164,15.250342874156686,316.1461024441933,37.753466200588754,lstm_fedProx_diff001
373,47,19.197379906746036,983.3459361231056,31.35834715228316,723.828333630066,28.64059800491594,lstm_fedProx_diff001
374,47,21.268334166666666,832.1264378244265,28.84660184188818,7.881289455323852,7.989329092800777,lstm_fedProx_diff001
375,47,341.36250600694444,321935.86340895813,567.3939226048849,12638.4600967219,28.092590487407357,lstm_fedProx_diff001
376,47,178.33967955357144,90432.73012270762,300.72035202611016,122461.66459304251,43.26392049182099,lstm_fedProx_diff001
377,47,1.781045809375,6.938301097356879,2.6340655074156527,95.40124963210738,31.12668390815308,lstm_fedProx_diff001
378,47,6.170208622023809,117.4111269623436,10.835641511343184,331.9889239437253,25.251747275186183,lstm_fedProx_diff001
379,47,1.676580973561508,7.499101223716453,2.7384486892612125,111.71244615682627,31.71647053027443,lstm_fedProx_diff001
380,47,22.01249470138889,1051.4526429167445,32.42611051169634,603.8981258509348,33.8689665162195,lstm_fedProx_diff001
381,47,5.464449165873017,49.533566885137226,7.03800873011232,184.85058879830976,51.70017485569792,lstm_fedProx_diff001
382,47,22.185752912698412,1000.3949443154232,31.6290206031648,552.2092688477152,36.40425944926337,lstm_fedProx_diff001
383,47,9.218619297619048,234.19730964305185,15.303506449276645,443.3305759648703,27.31348409562676,lstm_fedProx_diff001
384,47,2.8211450305059524,27.23275134478454,5.218500871398273,170.29959158313014,24.932402520768044,lstm_fedProx_diff001
385,47,5.767302127976191,71.88459694891642,8.478478457183012,243.15703110659888,32.293211893894295,lstm_fedProx_diff001
386,47,7.748904713293651,167.25993053046193,12.93290108716764,401.3809076000636,29.09413540157727,lstm_fedProx_diff001
387,47,60.542605043154765,6519.502367012697,80.74343544222464,1034.4289133719035,48.327596698626365,lstm_fedProx_diff001
388,47,6.902153951388888,155.28862886096283,12.461485820758408,427.6713971644912,24.859724968325526,lstm_fedProx_diff001
389,47,9.713351092757936,359.59908232747443,18.96309790955777,566.7965674059296,24.07171597508172,lstm_fedProx_diff001
390,47,20.56844434077381,852.7721847831946,29.202263350349995,543.3380537823521,36.49101862032243,lstm_fedProx_diff001
391,47,12.511664560019842,379.89435555372665,19.49087877838572,599.7358297210409,28.44041750268139,lstm_fedProx_diff001
392,47,17.189050711805557,610.5145641732017,24.708592921759056,527.1299683753583,34.03185039183477,lstm_fedProx_diff001
393,47,16.307525620039684,473.3739394542575,21.757158349707744,337.22290526648624,43.70513797376982,lstm_fedProx_diff001
394,47,5.815739799950396,74.24706244289729,8.616673513769527,261.1615930342389,41.12588897270822,lstm_fedProx_diff001
395,47,3.1775915691964287,26.629361558808355,5.160364479260003,180.23745298003425,27.997727110989167,lstm_fedProx_diff001
396,47,9.836971537202382,165.1846043310839,12.85241628376096,304.32310173508324,47.57202055110468,lstm_fedProx_diff001
397,47,11.882369195436508,433.71802306902345,20.825897893464845,635.6739490509964,26.82636772001944,lstm_fedProx_diff001
398,47,13.09625418998016,385.5249588583087,19.634789503794245,498.5319397293016,31.385777828872392,lstm_fedProx_diff001
399,47,21.8072699077381,1216.5139680312843,34.87856029183665,873.9775328051148,29.448587647452808,lstm_fedProx_diff001
400,47,4.524557085813492,53.70278769839141,7.328218589697732,244.1903234172404,27.25392584984811,lstm_fedProx_diff001
401,47,27.937891739583332,1227.3979429062197,35.03423957939175,663.5751344933465,71.68710551927383,lstm_fedProx_diff001
402,47,0.8660501039682539,2.013772074149006,1.4190743723106995,67.65815870443907,28.10741448329675,lstm_fedProx_diff001
404,47,20.299123273809528,2278.021207945439,47.72862042784642,1597.9877435816236,20.64338965920484,lstm_fedProx_diff001
405,47,11.52613206299603,222.44188227048735,14.91448565222708,345.02901479128764,38.81843139973572,lstm_fedProx_diff001
406,47,6.219166043650794,70.87391791491012,8.41866485346163,216.6066772718102,51.432092325223714,lstm_fedProx_diff001
407,47,135.77043498511904,37881.16728131162,194.6308487401512,3714.723393365888,36.64625038976296,lstm_fedProx_diff001
408,47,0.7776578463789682,2.1482052291376643,1.4656756903004375,69.69213989528808,24.342668283330173,lstm_fedProx_diff001
409,47,28.414384781746037,1892.4133534882897,43.501877585781166,705.1317581961368,31.243924286187653,lstm_fedProx_diff001
410,47,15.073495545634922,479.8229698587375,21.904861785885284,400.4128180239265,35.24117876332639,lstm_fedProx_diff001
411,47,9.03239947782738,139.24367744358057,11.800155822851687,381.8656075460802,78.36858109221794,lstm_fedProx_diff001
412,47,21.08793034970238,980.1152894525666,31.30679302407972,554.6119987387384,35.179028970364726,lstm_fedProx_diff001
413,47,1.1744946952380957,4.246962339080003,2.0608159401266293,85.91203702630568,24.80143474727729,lstm_fedProx_diff001
414,47,7.4368377316468255,118.98031994553054,10.907810043520676,239.7259384874453,33.26890261955697,lstm_fedProx_diff001
415,47,5.545383114583333,84.23296898960562,9.177852090200933,264.7795960857212,27.322751239034908,lstm_fedProx_diff001
416,47,1.587327436061508,5.9068421189811,2.430399580106345,77.97899751386818,31.295870326287712,lstm_fedProx_diff001
417,47,24.93801771875,1547.9001186428095,39.343361811655214,599.9053847052986,32.86492091156262,lstm_fedProx_diff001
418,47,32.43369228968253,2418.6561372634787,49.17983466079851,1210.8222404682972,30.52501368239377,lstm_fedProx_diff001
419,47,25.970428706250004,1372.2951797792302,37.04450269310185,106620429.9031946,62.6931353906616,lstm_fedProx_diff001
420,47,27.66721656862745,1465.165508077108,38.27748043010548,8.544359135714828,8.533476031026808,lstm_fedProx_diff001
421,47,8.980465488095238,139.3945680846805,11.806547678499438,350.0136730459594,55.92438388490045,lstm_fedProx_diff001
422,47,2.34709331359127,11.257659847960978,3.355243634665146,149.09245297873625,39.19568329934856,lstm_fedProx_diff001
423,47,0.4688102611359127,0.3723086457179513,0.6101709971130644,233363131.8927416,51.67762658799314,lstm_fedProx_diff001
424,47,4.298114722718254,41.91912578357974,6.47449811055496,190.08636427253035,28.797886054460932,lstm_fedProx_diff001
425,47,30.277633334821434,2721.05206437218,52.16370447324634,1077.3792483853424,30.61637793577591,lstm_fedProx_diff001
426,47,19.850473813492066,1009.9819642933104,31.78021340855518,815.8101748744901,27.852494487401536,lstm_fedProx_diff001
427,47,3.691168429315476,23.852077564518,4.883858880487642,143.96784875547638,34.46147928333105,lstm_fedProx_diff001
428,47,2.719096140724207,14.09604937136826,3.754470584698762,157.2709032928585,40.87707117317751,lstm_fedProx_diff001
429,47,2.2429230771329363,11.381368698875182,3.373628417427619,122.08856079515957,30.20912516731301,lstm_fedProx_diff001
430,47,7.011517149801588,129.01109313953458,11.358305029340189,299.10903411999374,29.97577991014417,lstm_fedProx_diff001
431,47,4.510702073363096,40.67037680246063,6.37733304779205,157.28840719168008,36.47693244166054,lstm_fedProx_diff001
432,47,72.81449288938492,11932.368659409294,109.2353819026111,1700.6009001789291,45.81051745049106,lstm_fedProx_diff001
433,47,12.12343492857143,282.6768480725588,16.812996403751438,436.186128660484,31.375460251685965,lstm_fedProx_diff001
434,47,0.2766248092261905,0.6424820036564564,0.8015497512047872,37.66578175293992,18.338383057211995,lstm_fedProx_diff001
435,47,11.439174376488094,304.1429606328692,17.439694969605092,471.9593057491939,29.62578953232391,lstm_fedProx_diff001
436,47,2.8458323060515878,19.379937172593863,4.402265004812167,143.38910505963386,31.256129211633358,lstm_fedProx_diff001
437,47,35.87034036185516,2170.497656890412,46.58860007437884,1062.5280051430375,82.73163609844455,lstm_fedProx_diff001
438,47,13.870595646329363,1021.4414735757072,31.95999802214805,956.1147191328278,21.766728001113165,lstm_fedProx_diff001
439,47,20.129257922123017,956.2232318247644,30.922859373362687,768.7087960076017,31.76492356760007,lstm_fedProx_diff001
440,47,24.835330794146824,1086.169391691661,32.957084089640894,595.6313681476597,44.2545407512708,lstm_fedProx_diff001
441,47,8.207256730654763,139.95736302897762,11.830357688124971,903075710.5074632,31.50818959995349,lstm_fedProx_diff001
442,47,18.616710012400794,785.6379087128164,28.02923310960927,710.6558754950123,31.617837553375704,lstm_fedProx_diff001
443,47,18.88362652926587,867.2101033302391,29.44843125414729,459.6716307839666,41.26179054290455,lstm_fedProx_diff001
444,47,0.7646991012400792,3.086550641626674,1.7568581734524489,73.20359787950724,22.04095673189441,lstm_fedProx_diff001
445,47,31.618174047123016,2451.1492883039728,49.50908288692059,1060.771478757693,30.167785410711424,lstm_fedProx_diff001
446,47,27.42008688492064,3332.920383207653,57.731450555201306,1840.128097540356,22.26229921919293,lstm_fedProx_diff001
447,47,15.336439027281743,457.01727758214986,21.37796242821448,361.32034640838725,38.26675182117174,lstm_fedProx_diff001
448,47,174.02530088293653,66026.62926138505,256.9564734763167,12962477067.641516,34.73779999474176,lstm_fedProx_diff001
449,47,13.223589350694445,405.8364932154796,20.145383918294524,1672.761911053289,67.51409808514528,lstm_fedProx_diff001
450,47,34.20443375049602,2489.0276201402235,49.89015554335568,934.9373372761984,35.616144825523804,lstm_fedProx_diff001
451,47,1.4155997429067462,6.6289340484633374,2.5746716389596824,102.97109663444525,27.00732733462441,lstm_fedProx_diff001
452,47,28.53255911755953,2160.123901928153,46.477133107886,1067.8304873284271,28.942297372000947,lstm_fedProx_diff001
453,47,3.699394865079365,41.8712694306271,6.470801297414958,214.2645656052908,26.73831771951853,lstm_fedProx_diff001
454,47,10.613492296626983,349.3250351716625,18.690239034631485,455.3850536334343,28.83628228152608,lstm_fedProx_diff001
455,47,8.519955478670635,220.692086984552,14.855708902120828,479.29867019711895,25.251687920944853,lstm_fedProx_diff001
456,47,2.7631655607638885,19.089182951894816,4.369116953332196,155.99977281580192,27.581698813966515,lstm_fedProx_diff001
457,47,16.351864881448414,808.9826227917339,28.44261982996176,839.8002508300714,25.642541998152065,lstm_fedProx_diff001
458,47,11.05540478174603,200.88161022453664,14.173270978307604,274.60826681757453,59.81745521839174,lstm_fedProx_diff001
459,47,23.235659816468257,1229.899772009309,35.069926889135495,897.6873539816028,32.39000254914971,lstm_fedProx_diff001
460,47,5.998352803075398,68.45692794911076,8.273870191700542,215.6231515749294,34.75428666506957,lstm_fedProx_diff001
461,47,18.439991932539684,900.621932102555,30.01036374492244,607.3323459015073,30.297486798796392,lstm_fedProx_diff001
462,47,2.2045214439484124,16.013360608830762,4.001669727605061,140.69342289316265,24.85775616067942,lstm_fedProx_diff001
463,47,4.280321169642857,40.95583681594476,6.399674742980674,176.21495336610295,33.17178276265614,lstm_fedProx_diff001
464,47,3.333495073412698,26.156835577963637,5.114375384928606,173.8097745375731,28.76565509392008,lstm_fedProx_diff001
465,47,4.017088982638889,60.05043000516447,7.749221251530018,245.1534592621848,23.94217423997975,lstm_fedProx_diff001
466,47,12.43302753670635,294.88307370520886,17.172159843922046,291.97733527754195,48.95321631106035,lstm_fedProx_diff001
467,47,18.216829202380957,1294.3934754033228,35.97768023932787,1244.9731226346937,23.172541060122796,lstm_fedProx_diff001
468,47,11.057660403769844,285.42435027358823,16.894506511691553,465.5394614802165,30.41570461991961,lstm_fedProx_diff001
469,47,3.378849583829366,49.40763726523885,7.029056641202918,258.1302477211124,22.246630741865108,lstm_fedProx_diff001
470,47,8.4175239796627,154.77924515591775,12.441030711155635,295.6627991140854,31.883259754996747,lstm_fedProx_diff001
471,47,22.013243157242066,2024.538125235507,44.99486776550752,1305.408386432012,23.11733370787285,lstm_fedProx_diff001
472,47,28.01469871081349,1417.264367780444,37.64657179319843,629.0434702309731,43.6298453696438,lstm_fedProx_diff001
473,47,19.100130646825395,712.2715635135366,26.688416279605963,784.7720612546422,32.859682630004464,lstm_fedProx_diff001
474,47,2.614988649801587,17.95243874602191,4.2370318320756,132.68743235849706,28.1317846341514,lstm_fedProx_diff001
475,47,175.72454458482144,65124.113219930274,255.194265648604,132331715865.89822,41.97662320468526,lstm_fedProx_diff001
476,47,1.5605574026785716,3.6127428052936335,1.9007216538182636,906449529.0744812,73.45460715621675,lstm_fedProx_diff001
477,47,5.054227041170635,63.47582925331241,7.967171973373765,238.6974819859449,28.588149083878267,lstm_fedProx_diff001
478,47,10.10083113888889,241.34349988939704,15.53523414337219,469.0614483838631,29.23659769708056,lstm_fedProx_diff001
479,47,9.796181477678571,471.7982540636862,21.720917431445805,764.859223184471,21.32643830582465,lstm_fedProx_diff001
480,47,3.734855785714285,31.010996294415648,5.568751771664423,123.59417830818592,32.8993252920506,lstm_fedProx_diff001
481,47,42.47886030059525,3695.96514564474,60.79444995758034,585.1521707249373,41.0294789100196,lstm_fedProx_diff001
482,47,187.4274764632937,72068.82136958266,268.45636772031065,4843.432855675996,36.78692210972304,lstm_fedProx_diff001
483,47,107.78764470734129,27428.01046213545,165.6140406551795,68529.86156908885,50.86200669927112,lstm_fedProx_diff001
484,47,11.306980816964286,321.2800226572291,17.924285833952467,536.2056414882612,29.76850415081324,lstm_fedProx_diff001
485,47,34.573338454365086,2561.363710549023,50.60991711659902,794.5147227067488,39.80767938989869,lstm_fedProx_diff001
486,47,31.19282726835317,2267.7153615168213,47.62053508221869,1037.4205897603235,29.30005143160012,lstm_fedProx_diff001
487,47,22.350015319940475,1024.3508076816356,32.00548090064631,2777.036193590213,51.47829763735912,lstm_fedProx_diff001
488,47,19.958076693948414,946.5178934611891,30.76553093091665,775.6459645305392,30.358262958573185,lstm_fedProx_diff001
489,47,80.42170693452381,14885.689683296538,122.0069247350188,1877.4952492269613,33.49963884730958,lstm_fedProx_diff001
490,47,23.548290478670637,1732.4418254785514,41.62261194925844,818.048977127628,28.42536858013048,lstm_fedProx_diff001
491,47,16.69777932440476,641.2538388519479,25.322990322075864,623.7397994977678,30.67069011708209,lstm_fedProx_diff001
492,47,40.739970676587305,3869.260331061493,62.20337877528433,916124944.6298106,49.75738246663848,lstm_fedProx_diff001
493,47,90.78698539186507,16892.07560952347,129.96951800142782,3050.719420783843,33.229945467288246,lstm_fedProx_diff001
494,47,15.589253324900794,545.715977541306,23.36056458096221,538.5036994262357,32.035587308900546,lstm_fedProx_diff001
495,47,10.718831452876984,269.16805049286364,16.40634177666867,2678821532.475777,33.18451929090401,lstm_fedProx_diff001
496,47,10.376603685515873,338.0906479340246,18.387241444382692,467.3292123457822,27.377181615663687,lstm_fedProx_diff001
497,47,1.9966163586309524,11.85972834928775,3.4437956311732187,126.98593129449476,25.87539113843017,lstm_fedProx_diff001
498,47,4.752455137400793,54.41901091728003,7.376924217943412,255.091362885572,29.006122212596992,lstm_fedProx_diff001
499,47,41.44939716765873,1906.065458063787,43.65850957217605,1152215252.0452569,137.73399739454675,lstm_fedProx_diff001
500,47,64.78246283432539,9193.165225335071,95.88099512069674,40806.26174550442,52.04354986405355,lstm_fedProx_diff001
501,47,17.17661090625,727.4465250575773,26.971216603215684,674.6863525810955,29.28036446978465,lstm_fedProx_diff001
502,47,8.752156379960319,138.74135437422913,11.778851997297068,338.77318069900434,35.085375860470016,lstm_fedProx_diff001
503,47,1.9970568370535715,15.401211337836433,3.9244377097663854,123.05501327121785,24.248139751515147,lstm_fedProx_diff001
504,47,23.88029417757937,1752.6516794318152,41.86468296108088,1222.1418211305645,25.562268192026597,lstm_fedProx_diff001
505,47,13.053884089285717,832.4081047794048,28.85148358021481,843.71741838232,21.88440382131354,lstm_fedProx_diff001
506,47,35.44992560019842,9858.468498265382,99.28982071826589,3406.9892487410257,18.68881351498428,lstm_fedProx_diff001
507,47,8.926287595238097,206.7541744353437,14.378949003155402,339.7045344389076,28.65622017775943,lstm_fedProx_diff001
508,47,5.373543209424604,53.774933970019326,7.333139434786394,244.32714168793933,70.14475672505654,lstm_fedProx_diff001
509,47,10.968488229662698,299.1867590876864,17.29701590123818,504.99964817455145,30.791617710093888,lstm_fedProx_diff001
510,47,1.840313754563492,6.363871323472257,2.5226714656237457,94.3645134718082,43.73120689071289,lstm_fedProx_diff001
511,47,2.567322906994048,27.24633537847055,5.21980223557086,165.91867527469566,23.992231987680015,lstm_fedProx_diff001
512,47,1.422290470684524,4.032646341825471,2.008145000199306,93.48076379499707,35.34017190825119,lstm_fedProx_diff001
513,47,35.94584629761905,2261.465823003238,47.55487170630616,639.7251656615078,52.83657882247152,lstm_fedProx_diff001
514,47,1.7962261738591268,9.821473947429084,3.133923092136928,122.79278523364808,25.573168450693395,lstm_fedProx_diff001
515,47,17.889901347222224,681.2449008952148,26.100668590961703,568.3071184430198,33.517547080007795,lstm_fedProx_diff001
516,47,26.18440957390873,1826.147865642844,42.73345136591291,935.510407272978,47.07666724292248,lstm_fedProx_diff001
517,47,1.031484926626984,1.7241234520912927,1.3130588151683429,974561827.139274,67.80558557770776,lstm_fedProx_diff001
518,47,56.9757465625,10346.358113389742,101.71704927586988,3775.3011452967457,24.39073933917173,lstm_fedProx_diff001
519,47,118.8787401736111,23914.776395518384,154.6440312314652,11.85842615602428,12.02830413894232,lstm_fedProx_diff001
520,47,19.857640700396825,684.1888856266464,26.157004523198875,320.81320746289987,54.230984412285736,lstm_fedProx_diff001
521,47,8.657369481150793,241.35952414507565,15.535749873922263,1968.967205233856,45.831189168777954,lstm_fedProx_diff001
522,47,2.927866971726191,27.409447794307287,5.2354033077029785,208.5083223587516,25.019424769556004,lstm_fedProx_diff001
523,47,2.345437672619048,8.681570885021857,2.9464505570299084,24929823.997129347,64.46340101211467,lstm_fedProx_diff001
524,47,20.0861267390873,1261.0621721959274,35.51143720262427,1169.6057292134817,24.6952054841596,lstm_fedProx_diff001
525,47,2.2767625570436505,13.086476028562736,3.617523466207612,127.48894804635276,28.587541296120573,lstm_fedProx_diff001
526,47,2.9816994384920634,28.531681919632668,5.341505585472383,187.97463833350136,24.739901395883415,lstm_fedProx_diff001
527,47,3.0734521986607137,31.801384670188227,5.639271643589111,193.0129760770936,25.363646519424044,lstm_fedProx_diff001
528,47,1.7013083067375885,4.584187819348913,2.141071652081946,9.40498449389685,9.342999386059835,lstm_fedProx_diff001
529,47,4.716363035218253,62.7956196920148,7.924368725142388,250.68820979995635,28.01581543815771,lstm_fedProx_diff001
530,47,13.58538970982143,350.49513730145145,18.72151535804331,322.24967963047084,38.047430912599225,lstm_fedProx_diff001
531,47,1.6978582488095235,5.705926880276988,2.3887082032506584,94.8862696365876,36.016859072606124,lstm_fedProx_diff001
532,47,23.59352578125,996.5383578852038,31.567995785054265,528.205841702156,54.650852424717456,lstm_fedProx_diff001
533,47,12.204061722718254,395.1124908700068,19.877436727858218,2460.9149012177418,46.79310793083401,lstm_fedProx_diff001
534,47,0.8016920220833332,1.1369197178544153,1.0662643752158352,35494974.41913269,38.4542274657763,lstm_fedProx_diff001
535,47,6.197995899305556,71.14285552719475,8.434622429438958,180.24747938656571,33.59544626971545,lstm_fedProx_diff001
536,47,1.0559657174107142,1.93089235926756,1.3895655289577242,70.05669809041781,45.023314385024655,lstm_fedProx_diff001
537,47,24.279079883432537,1435.5737486935416,37.8889660546912,730.0506554996672,29.27455047172821,lstm_fedProx_diff001
538,47,1.637005524404762,4.864339977328802,2.205524875699388,84.63052303271793,42.228227090245,lstm_fedProx_diff001
539,47,1.3699212474206348,3.9676577661546135,1.9918980310634915,107.55087475970797,38.97840436390749,lstm_fedProx_diff001
540,47,34.745893650793654,3507.7600114814845,59.22634558607752,1644.8706506711364,26.48351184517218,lstm_fedProx_diff001
541,47,0.8980379050396825,1.4189010333652268,1.1911763233733397,244276232.79230165,50.892403326950095,lstm_fedProx_diff001
542,47,12.57381998561508,403.41095022388726,20.085092736253102,591.7762813463345,27.604993147293875,lstm_fedProx_diff001
543,47,0.7374808924603174,0.9286352177093636,0.96365720964945,13264232.759446591,45.2066135202458,lstm_fedProx_diff001
544,47,28.79976040724206,1631.8259643652018,40.395865684067246,22182.288150680437,90.66575158138218,lstm_fedProx_diff001
545,47,15.429656251488094,532.0697941041566,23.066638118810392,510.6715253717349,30.27080096808242,lstm_fedProx_diff001
546,47,183.38399189484127,121526.89156029445,348.6070733078926,9803.725880189631,24.715336291592344,lstm_fedProx_diff001
547,47,7.0462794211309525,121.83400857477154,11.037844380800609,296.5443997822031,29.892408646028297,lstm_fedProx_diff001
548,47,4.763506508928572,41.31905635277859,6.427990070992533,135.2222457801182,40.72436587671734,lstm_fedProx_diff001
549,47,5.614688184027778,51.67278667379506,7.1883785844789125,192.2256709972427,37.579165685088974,lstm_fedProx_diff001
550,47,8.012430207837301,161.79121277795338,12.71971748027264,347.38576192108496,29.659129624791937,lstm_fedProx_diff001
551,47,28.643018764880956,3408.191383455855,58.37971722658354,1778.9788161518618,23.05588315639819,lstm_fedProx_diff001
552,47,6.164754732142858,73.42732169249122,8.56897436642748,121117048.01991498,33.350509711318416,lstm_fedProx_diff001
553,47,18.97796223015873,1014.3807996418471,31.84934535656655,2221.2918448918463,45.24122564904086,lstm_fedProx_diff001
554,47,21.720265012400795,1064.0139449290305,32.61922661451418,861.6147716469312,32.88734465921433,lstm_fedProx_diff001
555,47,7.711240658536584,106.13894562654968,10.302375727304344,30.559028905383208,25.7756530428927,lstm_fedProx_diff001
556,47,175.30817509920632,123437.11178627572,351.3361805824668,10056.219801768972,23.596963744807876,lstm_fedProx_diff001
557,47,6.954202044146825,89.6440472700088,9.468054038185924,181.840915562938,38.76733335796756,lstm_fedProx_diff001
558,47,5.445318246031745,65.4955734686863,8.092933551480964,202.33983628827596,29.57163997599252,lstm_fedProx_diff001
559,47,12.98586347718254,529.1783180731925,23.003876153231055,681.2325077582337,25.491199729773,lstm_fedProx_diff001
560,47,263.5857230555555,125535.40679627543,354.309761079589,2773.8290284797463,51.91511663711999,lstm_fedProx_diff001
561,47,365.0957291666667,232870.02822471183,482.5660868986877,7311.030043068207,44.82078079471067,lstm_fedProx_diff001
562,47,91.32816797123016,21348.7888461446,146.1122474200729,4388590536.372275,31.720366452541104,lstm_fedProx_diff001
563,47,10.660982466765873,179.89704401767037,13.412570373260689,291.1183244784775,38.34866332190091,lstm_fedProx_diff001
564,47,3.0235473499503964,19.23499550649318,4.385771939635391,141.533945019704,32.14149716287146,lstm_fedProx_diff001
565,47,2.7535485080357147,17.895365754064212,4.2302914502507045,358.4178090096067,37.30920765016604,lstm_fedProx_diff001
566,47,0.4624655596279762,0.3096118744540666,0.5564277800883657,157.23151429724584,166.30685964950672,lstm_fedProx_diff001
567,47,14.783591962643678,351.48037237532577,18.74780980208957,10.871133275624835,10.520493262294057,lstm_fedProx_diff001
568,47,2.3823422211206893,11.640346064661165,3.411795138143725,537.9227341244796,80.94134825458761,lstm_fedProx_diff001
569,47,25.11597436507937,1271.78302675106,35.66206705662278,7.667196215736579,7.685562116559678,lstm_fedProx_diff001
570,47,36.59633841170635,1743.3800388792574,41.75380268765059,25.93704487151448,25.309459698631585,lstm_fedProx_diff001
571,47,11.99275027579365,203.58010014251468,14.268149850016108,36.10316086895883,30.703050389964144,lstm_fedProx_diff001
572,47,59.55043176091269,18215.577563071103,134.96509757367312,4300.113120622785,25.648870419650606,lstm_fedProx_diff001
573,47,2.5822609578373013,10.561452973300872,3.249838914977306,21.02762220907996,19.558691873523408,lstm_fedProx_diff001
574,47,13.204527498511904,227.78820551244036,15.092654024804265,49.50336606126547,40.55585798825067,lstm_fedProx_diff001
575,47,5.561593512400794,63.72613531052883,7.98286510662236,21.38345400452848,19.41573112825023,lstm_fedProx_diff001
576,47,9.074810143849206,148.48769899614575,12.185552880199804,5.041661693950532,5.014932288477407,lstm_fedProx_diff001
577,47,9.870061417658729,190.2540858115704,13.79326233389224,22.58065373794656,18.467254784651484,lstm_fedProx_diff001
578,47,6.774222518353175,74.58296099266744,8.636142714931674,12.300722125406832,11.839338924665494,lstm_fedProx_diff001
579,47,0.845569138343254,1.1910371011423313,1.0913464624684186,158.3181855093824,105.35668821324778,lstm_fedProx_diff001
580,47,22.49458870734127,858.4990894495052,29.300155109649253,26.180454472045646,24.06957775254892,lstm_fedProx_diff001
581,47,2.4731725526785717,14.4538688746697,3.801824413971495,161.43571391476962,33.98825380865967,lstm_fedProx_diff001
582,47,3.757563149801588,25.13021850588217,5.013004937747635,124.9560971100977,99.93162407470795,lstm_fedProx_diff001
583,47,442.8023348214286,233308.672358437,483.0203643309845,85.96144787583663,171.92118836343963,lstm_fedProx_diff001
584,47,33.60764244345238,1761.2782543227045,41.96758575761422,26.70680217751505,24.47831661122397,lstm_fedProx_diff001
585,47,19.284510798611112,639.58996465834,25.29011594790225,9.023200778881298,9.0524416674963,lstm_fedProx_diff001
586,47,39.52387467162698,2226.091230188797,47.18147125926445,42.4369512639593,36.98710461073245,lstm_fedProx_diff001
587,47,3.068790970238095,17.113575277295148,4.13685572352906,2.8116624261115626,2.833911150144391,lstm_fedProx_diff001
588,47,7.997975642113095,94.86693749680572,9.7399659905364,50.625004936773344,40.24904057636422,lstm_fedProx_diff001
589,47,24.747046260416667,989.0758164903672,31.449575776000017,19.02640048760294,18.71212169035914,lstm_fedProx_diff001
590,47,0.8010798112648811,0.918683893822051,0.9584799913519588,3506771623.8953733,141.34798036023955,lstm_fedProx_diff001
591,47,9.113780471014492,169.73023805531372,13.028055804889451,870.442369427937,75.34917653549488,lstm_fedProx_diff001
592,47,48.19186835813493,13433.171746679356,115.90156058776498,4130.736617575071,20.52975175690301,lstm_fedProx_diff001
593,47,15.189316141169156,357.60738920325565,18.91051001964928,14.890755547032086,14.080946267638897,lstm_fedProx_diff001
594,47,18.600740267857145,566.141403136935,23.79372612973712,4.577067025630685,4.6891338828918965,lstm_fedProx_diff001
595,47,43.155527574404765,2529.1725706090115,50.2908795966924,19.36377125050584,18.8854997234596,lstm_fedProx_diff001
596,47,1.847509278125,5.316600133510856,2.305775386613114,23.338811073135457,21.665861306720448,lstm_fedProx_diff001
597,47,49.026850837797625,3626.843437348302,60.2232798620957,39.034226333019234,32.28005458405775,lstm_fedProx_diff001
598,47,5.643993415674604,58.98021066881668,7.679857464095065,10.837181453304726,10.9834038236033,lstm_fedProx_diff001
599,47,27.09703453918651,1677.613518578938,40.95868062546617,28.22738265166015,25.46303489470747,lstm_fedProx_diff001
600,47,5.084363461805555,44.96176862974856,6.705353728905624,7.142602929289921,7.186473306378144,lstm_fedProx_diff001
601,47,8.370576421874999,114.48332379432908,10.699688023224278,4930.946229616241,82.51639515138834,lstm_fedProx_diff001
602,47,136.5622041170635,50861.11012905728,225.5240788232097,26.98800222187032,35.1805770712673,lstm_fedProx_diff001
603,47,10.347570115575396,153.44206037848966,12.387173219846796,35.370517184095085,31.64475071026096,lstm_fedProx_diff001
604,47,0.9687035489583334,2.05575624536607,1.4337908652819873,96.56699341634486,88.29989645528049,lstm_fedProx_diff001
605,47,6.843795977430554,76.3570036268678,8.738249460095986,28.205785073808308,26.160167663830432,lstm_fedProx_diff001
606,47,1.4169508387896823,3.6074544941239695,1.899330011905243,2.7602439615413745,2.7430387668350327,lstm_fedProx_diff001
607,47,5.30744467610063,84.71406031966977,9.204024137282005,26.67490028202224,38.46154112753243,lstm_fedProx_diff001
608,47,5.344239972222223,50.961514824286695,7.138733418771617,8.09929116214945,8.172009690089885,lstm_fedProx_diff001
609,47,20.33801594742064,839.7903789626938,28.979136960280474,3.934677813277131,4.0194837460676895,lstm_fedProx_diff001
610,47,10.283489659722225,194.14422954871085,13.933564854290193,40.0695975337184,28.342985331800115,lstm_fedProx_diff001
611,47,17.36248773313492,474.4905965969798,21.782805067230893,3.401085321252189,3.4180855217213466,lstm_fedProx_diff001
612,47,12.405472128472224,802.9298749391513,28.336017273765755,1018.8071781277806,21.475264166203367,lstm_fedProx_diff001
613,47,0.3496884094959678,0.2523446064847057,0.5023391349324734,69.47675322379826,57.4256324823622,lstm_fedProx_diff001
614,47,23.718275031746035,867.753063461085,29.457648641075973,13.314815139325194,13.425282630586183,lstm_fedProx_diff001
615,47,97.2019035218254,61850.23129558671,248.69706732405731,15703.313366580584,20.062471363790124,lstm_fedProx_diff001
616,47,18.41069694990079,476.3558492049754,21.82557786646153,30.52130750295373,27.568659322701507,lstm_fedProx_diff001
617,47,26.79343228670635,1322.4871043234225,36.36601578841738,4.080962898886948,4.124729755670812,lstm_fedProx_diff001
618,47,15.669818169146827,435.0143465261631,20.856997543418444,13.025031676675344,12.601741731354377,lstm_fedProx_diff001
619,47,22.06820334325397,2774.53794690429,52.6738829677886,1881.42121206434,20.446137875766432,lstm_fedProx_diff001
620,47,101.56516801091271,15376.63534678385,124.0025618557288,7.8889252239818495,8.3089666642919,lstm_fedProx_diff001
621,47,2.3813508750000003,10.427374532068407,3.229144551126258,15.346144790279451,14.034589047572627,lstm_fedProx_diff001
622,47,24.09054829365079,721.0035591724452,26.85150943936756,11.25174964374954,11.31229516374449,lstm_fedProx_diff001
623,47,5.034761025049603,43.57584300334909,6.601200118414006,20.88211116830308,20.27747633512399,lstm_fedProx_diff001
624,47,7.595332615079365,112.64749484866492,10.613552414185598,7.424151430049763,7.663711237245971,lstm_fedProx_diff001
625,47,27.73340013343254,1981.5369623072536,44.51445790198117,1451.3441024619442,30.838154235439607,lstm_fedProx_diff001
626,47,40.35933760218254,3855.010197058418,62.08872842198025,553295205.7735375,45.58635587493141,lstm_fedProx_diff001
627,47,8.01831527876984,111.45562910952056,10.557254809348905,6.786834789329898,6.8925676568178345,lstm_fedProx_diff001
628,47,2.7845260987103178,13.670719977329057,3.6973936735664297,11.914538370085568,12.095859178099383,lstm_fedProx_diff001
629,47,7.0049804839285725,72.95579747412467,8.541416596450771,47.90329619852408,39.69105465921896,lstm_fedProx_diff001
630,47,6.011003639880951,61.24951677240996,7.826207048910089,11.775608456027006,11.669556669334447,lstm_fedProx_diff001
631,47,1.557556132936508,4.164709236114483,2.040761925388281,14.412699718087817,14.169367446074748,lstm_fedProx_diff001
632,47,14.034721310515875,639.9897294226616,25.29801829042468,1371.3292499626857,40.470112768300375,lstm_fedProx_diff001
633,47,0.361098046626984,0.2210989719141944,0.4702116246055539,1.307532843760874,1.3062622765331264,lstm_fedProx_diff001
634,47,0.0834336740178571,0.0118883027319481,0.1090334936244277,35.05874733707001,29.52685420943388,lstm_fedProx_diff001
635,47,2.419959035218254,9.02766503569884,3.004607301412089,190.4283637288641,123.88249644563888,lstm_fedProx_diff001
636,47,0.0804656284553571,0.0141509512151761,0.1189577707221187,44.46125277702863,54.16428423811451,lstm_fedProx_diff001
637,47,0.1131234122420634,0.029359680983324,0.1713466690172997,55.64225424297922,73.29270801890031,lstm_fedProx_diff001
638,47,0.6797839886904762,0.7662729927148072,0.8753702032367833,20.49124859552147,19.49821797924269,lstm_fedProx_diff001
639,47,4.849962390873016,37.85050734340631,6.152276598415119,75.64334751440039,54.59776670088063,lstm_fedProx_diff001
640,47,27.775487296626984,1179.8220669631885,34.34853806151273,11.178496677292848,11.031838225874296,lstm_fedProx_diff001
641,47,91.92706605158732,29992.819555043247,173.18435135728416,7999.7123121535315,39.16578902064921,lstm_fedProx_diff001
642,47,3.0879206003472226,18.20164475292396,4.266338565201309,23.038516303857385,22.10279417224256,lstm_fedProx_diff001
643,47,12.799352494543651,271.3831661223603,16.473711364545643,14.618050151818345,14.347493565400535,lstm_fedProx_diff001
644,47,138.40104256448416,39015.71253461667,197.52395433115615,68653.55017354942,81.51114877671108,lstm_fedProx_diff001
645,47,60.10462981150794,6158.941724577991,78.4789253531035,3.776700882936205,3.791357835327855,lstm_fedProx_diff001
646,47,11.73853820486111,219.86705857597445,14.827914842484578,29.214354443916573,26.05692472342522,lstm_fedProx_diff001
647,47,4.250324336805555,31.46363129050649,5.60924516227509,14.720591603182298,13.756642614919205,lstm_fedProx_diff001
648,47,26.740443878968254,1254.0310751124807,35.412301183522096,2.5951223484054533,2.611708758068599,lstm_fedProx_diff001
649,47,88.04337197916668,31769.00176629261,178.23860907865225,18816.712504671355,37.62152504194149,lstm_fedProx_diff001
650,47,47.82833933878968,3643.59863701064,60.36222856232728,1257.7291322238682,58.461143880491306,lstm_fedProx_diff001
651,47,21.891294038690475,917.1921347657832,30.2851801177702,1833.385118230172,97.72232007871456,lstm_fedProx_diff001
652,47,47.70162866071429,4608.8972598935015,67.88885961550321,3592.335765498,67.44782297654591,lstm_fedProx_diff001
653,47,43.77995567956349,3163.4380634421664,56.24444917893824,4.347121842922775,4.421595701662233,lstm_fedProx_diff001
654,47,9.692406867559525,405.5671258294848,20.138697222747176,1712.2735388994795,34.74545701187162,lstm_fedProx_diff001
655,47,24.343791214781746,997.6515353284226,31.585622288130125,20.03145016609978,18.190008245006204,lstm_fedProx_diff001
656,47,6.82910734375,81.25975200956944,9.014419116591451,46.57684597402122,36.31310749977282,lstm_fedProx_diff001
657,47,18.04952195922619,662.5091920460977,25.739253913936544,248.62727691079675,33.4609520412033,lstm_fedProx_diff001
658,47,7.031400943204365,76.5659266511596,8.750195806446825,68.86162651484639,53.76144739190166,lstm_fedProx_diff001
659,47,6.278303747519841,62.66723776238718,7.916264129144958,40.79324727758003,35.655865160580504,lstm_fedProx_diff001
660,47,2.577477330109127,11.544764451678123,3.3977587394749094,48.32414095206989,40.58119864179262,lstm_fedProx_diff001
661,47,1.0308653430059525,1.8796287183300304,1.370995520900791,42.19547325059559,35.968504629479995,lstm_fedProx_diff001
662,47,2.3249935529761903,8.958489403747498,2.9930735713890324,32.29149221431135,28.231578820955438,lstm_fedProx_diff001
663,47,10.874416893105158,206.9955909546629,14.387341344204737,73.68273794324706,46.62824205767306,lstm_fedProx_diff001
664,47,14.100641693948411,312.1082844664254,17.66658666710764,61.61503747672998,42.419745224349406,lstm_fedProx_diff001
665,47,1.6927735174603176,4.546602184702498,2.1322762918305163,60.39044811365203,40.80262045945335,lstm_fedProx_diff001
666,47,2.310516675396825,8.38718467787327,2.896063652248215,62.27716926757483,47.31421037732705,lstm_fedProx_diff001
667,47,3.014187380704365,14.178723984033002,3.765464643843174,118.49218553728412,70.74868196093384,lstm_fedProx_diff001
668,47,17.434250990327385,511.8103918826277,22.623226822949636,87.66491045787073,24.25437508931224,lstm_fedProx_diff001
669,47,1.3915477559027776,2.805635025380351,1.6750029926481775,29.033577318233174,25.98403634839247,lstm_fedProx_diff001
670,47,5.236215592261904,45.70127577548831,6.760271871418213,25.842345665097334,23.91132885803209,lstm_fedProx_diff001
671,47,1.0338106287698412,1.886309286086317,1.3734297528764683,39.31575469712663,32.709454674226386,lstm_fedProx_diff001
672,47,0.8523116075396825,1.2308461338162415,1.1094350516439626,10.609226553146806,10.195858858045506,lstm_fedProx_diff001
673,47,8.851088959325395,122.55769006702164,11.070577675398049,6643083266.650055,49.13690041141799,lstm_fedProx_diff001
674,47,41.19052719494047,2659.252417187692,51.56793981911331,51.07750574772834,40.20260052355106,lstm_fedProx_diff001
675,47,37.43507281448413,2271.4939418743247,47.66019242380715,79.82556738462449,44.96710085153111,lstm_fedProx_diff001
676,47,61.13671426339285,5835.959214565192,76.39345007633307,42.47887524958705,35.56049227593413,lstm_fedProx_diff001
677,47,2.612275236309524,11.498186976228268,3.390897665254478,54.57057511799464,48.912901964017465,lstm_fedProx_diff001
678,47,26.76122260674603,1016.4961674280122,31.882537029352168,177.35190508843738,52.77545938853944,lstm_fedProx_diff001
679,47,6.029656289930554,63.32400411654909,7.957638099118927,87021876.8290131,25.606196901528488,lstm_fedProx_diff001
680,47,1.4971649949900796,3.212082441640828,1.7922283452843917,32.822931943707296,29.83091465269807,lstm_fedProx_diff001
681,47,8.640657546130951,144.56841842847882,12.023660774842195,19.429601973879688,19.33502075715075,lstm_fedProx_diff001
682,47,9.695865027281748,146.746461527995,12.113895390335635,17.76423543401001,17.395413757893117,lstm_fedProx_diff001
683,47,1.7597215566964288,4.939045966468704,2.222396446736879,76.12923575891448,54.31253275151181,lstm_fedProx_diff001
684,47,22.97181665873016,909.5659661726504,30.159011359337534,77.99293894545292,20.722125448316174,lstm_fedProx_diff001
685,47,79.20909393159724,11595.019592139242,107.68017269738772,33548661054.059074,25.23395264428857,lstm_fedProx_diff001
686,47,2.7870147774503966,13.93477095298588,3.732930611863269,622906402.8766658,61.99706959583449,lstm_fedProx_diff001
687,47,10.239049961210316,202.4132325698032,14.227200447375555,2021.871007676619,77.35993908660616,lstm_fedProx_diff001
688,47,6.850310548958334,76.58142669643966,8.751081458679245,54.34131785470628,41.28783015809002,lstm_fedProx_diff001
689,47,3.65122312078373,21.699051422674984,4.658224063167742,26.147647603412967,24.432832242617916,lstm_fedProx_diff001
690,47,5.334387523710317,43.96668404365549,6.630737820458255,58.40101760408288,44.68321615294462,lstm_fedProx_diff001
691,47,2.2176270164186507,9.268439273328028,3.044411153791161,463896092.6221548,72.91734745659252,lstm_fedProx_diff001
692,47,0.9018396594246032,1.3009807555050072,1.1406054337521838,18.997626208016573,18.33875657616801,lstm_fedProx_diff001
693,47,18.503949487103178,511.73255984087103,22.62150657761041,57757.935972538005,117.302213813036,lstm_fedProx_diff001
694,47,5.528412752876985,47.30807189150792,6.878086353885645,57.01233288479768,43.56990909185733,lstm_fedProx_diff001
695,47,23.548344579365075,919.6826199606468,30.32626946989436,32.58738488665901,29.159528435140786,lstm_fedProx_diff001
696,47,4.870118770486111,42.89991187032346,6.549802429869428,55.06391214228622,40.7142162368104,lstm_fedProx_diff001
697,47,4.241494568303571,30.156279021817102,5.491473301566448,79.84363151084956,55.91215048017136,lstm_fedProx_diff001
698,47,4.031850575793651,25.409009793633675,5.04073504497446,67.62930485736388,49.36280245353056,lstm_fedProx_diff001
699,47,24.069904313492064,957.6532703767624,30.945973411362623,81.35763064164763,52.89565450746713,lstm_fedProx_diff001
700,47,2.523336792792659,11.647304373452226,3.4128147288495203,444862967.34598976,62.81733781614244,lstm_fedProx_diff001
701,47,20.544792686359127,824.3364445954669,28.711259892165423,253.8865664940109,38.804475290252704,lstm_fedProx_diff001
702,47,7.33079979563492,92.70705954552598,9.628450526721627,38.941819318620745,33.17475109887624,lstm_fedProx_diff001
703,47,6.771676146676588,71.6275013486442,8.46330321734039,77.49011821386546,52.38262380662486,lstm_fedProx_diff001
704,47,6.370768810763889,64.8397701097494,8.052314580898425,112.2109039606792,66.06083946051928,lstm_fedProx_diff001
705,47,4.723633522172618,35.253600191588745,5.937474226604167,50.60234993510285,39.96560165668074,lstm_fedProx_diff001
706,47,3.9328074410714287,25.409645865509415,5.040798137746583,71.76403162198224,51.955539215234815,lstm_fedProx_diff001
707,47,7.074172580753968,74.3769821595724,8.624209074435313,75.61367550705914,51.45685200340301,lstm_fedProx_diff001
708,47,19.46213195699405,687.5630196271005,26.22142291385234,74.6774878101711,36.03192457499771,lstm_fedProx_diff001
709,47,5.040742607291667,44.353531955191535,6.659844739571001,69.0531586602803,48.52084496974423,lstm_fedProx_diff001
710,47,2.444318148511905,9.462138179402942,3.0760588712511567,89.69405928897373,58.84437470964259,lstm_fedProx_diff001
711,47,4.373152219047619,30.62083888727688,5.533609932700071,59.21316959424321,45.911432727805554,lstm_fedProx_diff001
712,47,2.2449629823412702,7.717513842059852,2.7780413679533016,87.48428338698326,59.43387520973668,lstm_fedProx_diff001
713,47,3.4515590532242064,20.57566560372581,4.536040740968472,60.77586325400417,47.35342900531008,lstm_fedProx_diff001
714,47,11.769886289781748,238.08659925743373,15.43005506333123,245.06535941337023,83.21267792151981,lstm_fedProx_diff001
715,47,6.617314712847223,69.34645137264152,8.327451673389737,84.67908973166934,56.3682601528431,lstm_fedProx_diff001
716,47,11.345374261507937,198.88375081801897,14.102615034738024,89.53680650183738,57.08449804450424,lstm_fedProx_diff001
717,47,5.079188808184524,41.71035922231968,6.458355767710516,74.9020935921108,52.428430094868176,lstm_fedProx_diff001
718,47,3.890808491269841,24.43038718490183,4.942710509922853,71.8499526110056,52.05583378671778,lstm_fedProx_diff001
719,47,4.327170763988095,31.66217789135388,5.626915486423612,60.28125039633567,44.41125584283476,lstm_fedProx_diff001
720,47,4.400957723958333,32.34037195189483,5.686859586089218,89.77019664603176,58.33991768821565,lstm_fedProx_diff001
721,47,20.890425624489087,818.1754169030545,28.603765781852125,4929584211.194027,35.88773577539562,lstm_fedProx_diff001
722,47,5.297466893998017,43.45528569045265,6.592062324527329,77.46595342950177,54.46077735217701,lstm_fedProx_diff001
723,47,27.957586254960315,1301.333595947648,36.074001662522114,20483.42671959111,111.91614857409436,lstm_fedProx_diff001
724,47,19.45279743968254,719.0060498694249,26.81428816637549,539.2785230202355,53.99084957597652,lstm_fedProx_diff001
725,47,3.3600918999007936,18.57158663498004,4.3094763759626336,75.78548026686784,52.64839787693186,lstm_fedProx_diff001
726,47,21.46941627837301,854.3210204036982,29.22877042237149,83.9471066187629,39.35365337090423,lstm_fedProx_diff001
727,47,28.18267956001984,1397.565813901375,37.38403153622379,43.98856089776928,36.3742879888421,lstm_fedProx_diff001
728,47,2.5553526984126984,10.71429627429459,3.2732699666074887,51.21482130342743,39.85919078419102,lstm_fedProx_diff001
729,47,5.92292673030754,53.568218967861206,7.31903128616494,91.9305018034042,57.86612224179728,lstm_fedProx_diff001
730,47,16.95593645436508,569.2437481600283,23.85882956391676,245.307957253362,35.55837119109667,lstm_fedProx_diff001
731,47,3.970708368551587,26.142730675988645,5.11299625229558,46.19887059930207,37.24514522373128,lstm_fedProx_diff001
732,47,12.97875766934524,317.09390687851453,17.807130787370394,301.5656885987193,34.54057285208005,lstm_fedProx_diff001
733,47,11.61439169097222,260.9306199703332,16.153347020674484,23.14941935334296,21.095745905745225,lstm_fedProx_diff001
734,47,4.357206488789683,30.30807276430058,5.505276810869784,78.44917557793299,52.29160970602408,lstm_fedProx_diff001
735,47,25.515940707341272,1305.8342883779849,36.13632920452747,73.71972940952193,24.14909435984774,lstm_fedProx_diff001
736,47,18.45268558045635,700.0592996575989,26.45863374510481,71.3083240781851,30.60264326066259,lstm_fedProx_diff001
737,47,2.248575157152777,8.88723098215529,2.9811459176221637,3215719343.2310214,92.39994353059464,lstm_fedProx_diff001
738,47,15.019130764930557,395.2155415668768,19.88002871141983,10783.83766253687,97.79880178623218,lstm_fedProx_diff001
739,47,17.934064791170634,562.5049608177573,23.717187034253392,37.1392936811982,32.22519760441079,lstm_fedProx_diff001
740,47,0.0857582911666667,0.0076094406035164,0.0872321076411456,21439.57279167205,198.06919939586965,lstm_fedProx_diff001
741,47,2.7364455897817463,11.520508333975584,3.394187433536278,69.34472056940656,49.30517474912078,lstm_fedProx_diff001
742,47,33.36380627579365,2057.499742452409,45.35967088121792,953.2594180915364,74.30229204993447,lstm_fedProx_diff001
743,47,135.86325830257937,32747.444577625552,180.9625502075652,581.8828870912847,122.85918610033416,lstm_fedProx_diff001
744,47,15.173690143353175,351.7653829975384,18.75540943294863,52.6033256731589,40.84445842879107,lstm_fedProx_diff001
745,47,3.970257905109127,34.656135328544686,5.886946180197733,1381.9885939772355,38.834013146935646,lstm_fedProx_diff001
746,47,10.53922396031746,499.9777170349346,22.360181507200128,1307.7030636385823,24.98112869914573,lstm_fedProx_diff001
747,47,7.178870054315476,128.97562267080392,11.356743488817733,546.7294805587823,34.01325689291333,lstm_fedProx_diff001
748,47,11.2119377609127,341.00601657402,18.466348219775885,1187.330304626556,46.13003034009071,lstm_fedProx_diff001
749,47,8.984361014880953,207.56647391441564,14.407167449377951,941012855.5606512,31.47774763429653,lstm_fedProx_diff001
750,47,91.9870938343254,17146.232695231138,130.94362411064975,8248.761014340987,91.822436680324,lstm_fedProx_diff001
751,47,3.290855783234127,18.81806448527552,4.337979308995782,8.337098285693688,8.497071180591796,lstm_fedProx_diff001
752,47,7.007519590525794,95.09809001459212,9.751824958159991,2085.5918843539707,37.67596292157165,lstm_fedProx_diff001
753,47,8.107696076388889,162.92912792438776,12.764369468343814,3000.408857817164,31.68675498777512,lstm_fedProx_diff001
754,47,8.553030987599206,212.80472125357656,14.587827845624467,3631.940059868336,28.108678685700227,lstm_fedProx_diff001
755,47,4.768702028769841,55.0074152474169,7.416698406124985,230555235.46504492,34.559474456662954,lstm_fedProx_diff001
756,47,48.47706445882937,4953.346623038688,70.38001579311195,15734.455921581988,38.23100828551493,lstm_fedProx_diff001
757,47,4.83031300124008,54.2082596666433,7.362625867626529,430.5648684592255,34.78693595274384,lstm_fedProx_diff001
758,47,83.33103818253969,9458.057087659092,97.25254283389762,12346.100871035727,143.56325108085824,lstm_fedProx_diff001
759,47,7.462987196924603,93.17701936453815,9.652824424205496,16.59604264269215,15.904735128412357,lstm_fedProx_diff001
760,47,16.48024335912698,417.2350353911169,20.42633191229196,12.171817377810369,12.349649893873606,lstm_fedProx_diff001
761,47,21.815470250992067,1107.4692196086269,33.2786601233978,6559.077231485088,38.91603691506585,lstm_fedProx_diff001
762,47,26.649521086309523,3829.0360706006177,61.879205478097546,15053.492605193354,21.84707502994659,lstm_fedProx_diff001
763,47,55.1513249404762,19284.05670015395,138.86704684752948,32669.30872077225,20.698703104849358,lstm_fedProx_diff001
764,47,15.675213085813496,905.5845673961433,30.092932183423788,1003.1189081977924,27.359591382420025,lstm_fedProx_diff001
765,47,9.198785035714286,251.97504724451423,15.8737219090078,3781.027371427279,28.417978369748752,lstm_fedProx_diff001
766,47,4.87754021577381,41.06420046911161,6.40813549085158,8.089222793523014,8.215191950588824,lstm_fedProx_diff001
767,47,9.234593077876983,321.6985260501981,17.935956234619834,4547.156425469209,24.878577940166466,lstm_fedProx_diff001
768,47,9.580118169146823,425.8353398815744,20.63577815061924,1862.186427990544,24.14116564249401,lstm_fedProx_diff001
769,47,52.320093020833326,7864.913438917891,88.6843472035392,8028.248358923555,56.34695337285447,lstm_fedProx_diff001
770,47,19.976780946428573,1032.4974930356266,32.13249901634833,2351.8003880650767,33.47477231765923,lstm_fedProx_diff001
771,47,23.96664567361111,2391.327937950429,48.901205894644654,3165.71324878786,25.27462521904477,lstm_fedProx_diff001
772,47,53.35382298611111,6970.568192491588,83.48992868898372,18226.11029628831,31.44594438429144,lstm_fedProx_diff001
773,47,17.730897462797614,1088.23600048688,32.988422218816105,8379.693220263864,26.09663338926165,lstm_fedProx_diff001
774,47,81.46829606646826,49954.96221552794,223.5060675138998,52632.95101130117,19.558857153203945,lstm_fedProx_diff001
775,47,16.875968973710318,406.6558312236338,20.16570929135977,646380271.5741926,14.697725942590193,lstm_fedProx_diff001
776,47,18.517334747023817,487.7976329846229,22.086141197244547,3.965797592975157,4.058996876690484,lstm_fedProx_diff001
777,47,119.5323732093254,53223.86370246429,230.70297722930297,13711.65682256167,26.46993844929999,lstm_fedProx_diff001
778,47,140.20260245039682,111483.75896031002,333.8918372172492,29656.059757350984,22.678486754204364,lstm_fedProx_diff001
779,47,40.274401453373024,4983.9755902906645,70.5972774991406,17952.72061976251,27.345230971922103,lstm_fedProx_diff001
780,47,53.80418399305556,9997.204184283291,99.98601994420666,5665.586860853267,28.10545416482737,lstm_fedProx_diff001
781,47,88.74620687996031,13227.33372808851,115.01014619627485,7.5280067055460975,7.542203296902368,lstm_fedProx_diff001
782,47,46.48298024305556,3807.2131120398094,61.70261835643451,6.108489236634324,6.212604251445435,lstm_fedProx_diff001
783,47,509.1941065476192,409457.5450560589,639.8886973967104,12.88604486914225,12.851975523472293,lstm_fedProx_diff001
784,47,260.81444275793643,156242.50565408112,395.2752277263035,10.983336850558128,10.416021695963249,lstm_fedProx_diff001
785,47,121.2526775843254,23405.94780600257,152.99002518465892,18.492752838565035,17.465324276182674,lstm_fedProx_diff001
786,47,508.8171027083333,443937.9498390833,666.2866874244775,17.752217953130238,17.11827692690521,lstm_fedProx_diff001
787,47,588.1011757291666,498706.0992777915,706.191262532886,37.88973588819944,33.0695242272541,lstm_fedProx_diff001
788,47,1807.9031759920636,5731354.826773737,2394.024817493281,36.67993235095332,30.266742638416236,lstm_fedProx_diff001
789,47,16.73744597470238,493.76462438949454,22.220815115325863,11.262148610261246,11.357755453644728,lstm_fedProx_diff001
790,47,423.842205406746,317399.5006770359,563.3821976926818,9.051593713180427,9.336311622900228,lstm_fedProx_diff001
791,47,269.3886077827381,115709.37438369992,340.1608066542939,27.621916131589675,25.27577694879588,lstm_fedProx_diff001
792,47,0.0857582864166666,0.0076094397349045,0.0872321026624059,857582764.1666665,200.0,lstm_fedProx_diff001
793,47,148.15451930505952,42355.59936226609,205.8047603003052,90244.14190538232,85.14879072093709,lstm_fedProx_diff001
794,47,1.7565571927083332,5.664338098406434,2.3799869954280077,1018.0398481451576,96.34007606734389,lstm_fedProx_diff001
795,47,27.01609766517857,1546.675969245004,39.3278014799328,19726.40518412008,79.60708820230177,lstm_fedProx_diff001
796,47,12.723643588045636,368.4250572828056,19.194401717240517,6843.923214117707,116.65329106144348,lstm_fedProx_diff001
797,47,0.1065577930902777,0.0210470636022234,0.1450760614375212,117.49589790572176,79.11540175253536,lstm_fedProx_diff001
798,47,0.7058312520684523,1.558641060045119,1.248455469788618,779983362.2810625,119.30839213912824,lstm_fedProx_diff001
799,47,3.6838327839781737,33.35859385518956,5.77568990296307,2026.1859415686731,91.63753015064864,lstm_fedProx_diff001
800,47,3.40881664156746,27.181192318896983,5.213558508245303,598363.8577126096,95.88575736928055,lstm_fedProx_diff001
801,47,8.917098538194445,160.6892268146311,12.676325446068,6407.121124674,80.53061784688862,lstm_fedProx_diff001
802,47,5.039709331696428,48.30965886409144,6.950515007112166,3357.0043031522323,83.98170532702876,lstm_fedProx_diff001
803,47,0.8521428173214286,1.5109309322381872,1.2291993053358707,595.9851411319842,84.83125731519414,lstm_fedProx_diff001
804,47,0.1105494555917658,0.0358225617655349,0.1892684912116513,144083463.26507315,140.1459110083089,lstm_fedProx_diff001
805,47,1.479820893392857,4.734320781252936,2.1758494390129424,1214.2133005999087,72.50055502622587,lstm_fedProx_diff001
806,47,0.1563609594295635,0.0586905076779838,0.2422612384967596,459688611.6419349,142.44489590584223,lstm_fedProx_diff001
807,47,2.595961206299603,13.4411058733462,3.666211378705025,1853.2578849383876,80.46528209098044,lstm_fedProx_diff001
808,47,6.017303354910714,76.8584063193989,8.766892626204504,4283.387226008876,81.70887955066506,lstm_fedProx_diff001
809,47,1.164529093655754,2.688000996302036,1.6395124263945169,855.5580157007234,83.20919469331005,lstm_fedProx_diff001
810,47,0.9519668682390876,1.7279622106410195,1.3145197642641284,595953.1300059842,86.98895630715168,lstm_fedProx_diff001
811,47,0.5740450528571428,0.611105552632416,0.7817324047475683,115490051.15612832,105.95867641327963,lstm_fedProx_diff001
812,47,37.54319414434524,2830.937817137072,53.20655802753146,20697.92569990933,81.01883871052196,lstm_fedProx_diff001
813,47,7.510175112103176,130.6121978109635,11.42856936851518,4616.719394696986,83.54966022086246,lstm_fedProx_diff001
814,47,2.4949077159226185,12.179868688025923,3.4899668605913616,1209.7000863879773,81.36818296317495,lstm_fedProx_diff001
815,47,29.61341699330357,1720.4144694687411,41.47787927882453,20107.30342188235,84.4899042918867,lstm_fedProx_diff001
816,47,13.976129928075398,415.6729687156418,20.38805946419722,7857.106446020008,83.25897642790015,lstm_fedProx_diff001
817,47,3.8105770766369047,21.177563849451683,4.601908718070328,863.331799692664,76.60480836279922,lstm_fedProx_diff001
818,47,8.166248491071428,127.94976984477437,11.3114884009477,8814.158245028493,88.18312454620406,lstm_fedProx_diff001
819,47,5.4790419380456346,58.441126110828456,7.6446795950404915,3757.761050412186,87.55347509360655,lstm_fedProx_diff001
820,47,9.365939804216271,161.68358768866966,12.715486136545062,4713.840799820444,85.6936936373164,lstm_fedProx_diff001
821,47,23.83701565500992,1077.2866070845776,32.82204452931867,12790.608907750637,87.78132715483636,lstm_fedProx_diff001
822,47,5.818005195882937,75.34962470033945,8.680416159398087,2898.059204849073,78.94958569093107,lstm_fedProx_diff001
823,47,10.59367436155754,219.9812335494861,14.8317643437821,7173.404580579647,84.04407251865031,lstm_fedProx_diff001
824,47,18.353634843998016,679.2157672263438,26.06176830582192,13913.050481722665,82.58522610496857,lstm_fedProx_diff001
825,47,8.987425978125,155.31680912800425,12.462616463969525,6287.944020156769,83.54080961375725,lstm_fedProx_diff001
826,47,8.935342416617065,147.91838362759108,12.16217018576829,5819.742294884548,91.64421469244078,lstm_fedProx_diff001
827,47,15.29790664136905,457.6573367844707,21.392927260767067,10421.551604595805,84.94190430485597,lstm_fedProx_diff001
828,47,16.448475886178862,525.6013993954651,22.925998329308698,5153.662286237124,83.20037975432383,lstm_fedProx_diff001
829,47,18.495372621279763,695.8446579282888,26.378867639235175,8025.981776839545,83.73031205213002,lstm_fedProx_diff001
830,47,3.840349128571429,26.53960780129378,5.151660683827476,1115069566.7538936,90.68329163980307,lstm_fedProx_diff001
831,47,8.843315647073412,155.4640034857267,12.468520501074964,2620.9917800119715,81.57035902855301,lstm_fedProx_diff001
832,47,4.847744232738095,45.72776610577557,6.762230852741983,2980.674221267133,83.89493530203534,lstm_fedProx_diff001
833,47,11.520259904017855,227.74793390718497,15.091319819922475,3265.850295269296,96.1571707281933,lstm_fedProx_diff001
834,47,0.606600999546131,0.725983953159208,0.8520469195761511,107194305.49259792,108.5480681719938,lstm_fedProx_diff001
835,47,0.1822984521577381,0.0748075766730724,0.2735097378030121,170.77739701430582,77.04239766628538,lstm_fedProx_diff001
836,47,9.169719973015871,163.5780942513898,12.789765214865744,5681.258175979506,86.40551884947419,lstm_fedProx_diff001
837,47,0.4359150120238095,0.3690225104386405,0.6074722301789939,162413319.54498035,89.34466018385793,lstm_fedProx_diff001
838,47,0.3780916415525794,0.2980465504128719,0.5459363977725536,595541.0394707097,84.36572418256613,lstm_fedProx_diff001
839,47,43.25564568551587,3723.876830549116,61.02357602229745,28394.627474106037,81.16092328337643,lstm_fedProx_diff001
840,47,36.91545386160714,3319.158936255729,57.6121422640725,29803.86339100867,79.59595962231705,lstm_fedProx_diff001
841,47,7.26591715342262,105.92980433186176,10.292220573416689,5250.783720579802,82.37596127560751,lstm_fedProx_diff001
842,47,5.814652179662699,101.04732850954102,10.052230026692635,12112832097.284538,164.82646105177216,lstm_fedProx_diff001
843,47,290.8532909672619,186708.67079756837,432.0979874953925,182429.60237570363,72.1610345890411,lstm_fedProx_diff001
844,47,25.34885301686508,1228.4990078467467,35.04995018322774,16974.97117197964,85.19031843418496,lstm_fedProx_diff001
845,47,0.8223847753918652,1.887891078825349,1.3740054871889518,595761.2704120995,90.4401327836451,lstm_fedProx_diff001
846,47,0.0645725844186507,0.0056168341175188,0.0749455410115826,639694633.6197863,199.7761193769253,lstm_fedProx_diff001
847,47,4.23439921577381,35.09758127531979,5.92432116578092,3273.3857093401325,107.73556794261864,lstm_fedProx_diff001
848,47,5.4526029779265865,60.541996505600935,7.780873762348348,5487.447243331268,84.35862032296136,lstm_fedProx_diff001
849,47,1.1680226919990082,2.428996190776972,1.5585237215958478,1007.8327149935508,100.25186075949266,lstm_fedProx_diff001
850,47,4.633437426388888,39.88820497650893,6.315710963661093,598097.8747380704,84.44878570400151,lstm_fedProx_diff001
851,47,12.32167983452381,393.8562958838331,19.84581305675918,6783.68694771806,93.74630165800352,lstm_fedProx_diff001
852,47,43.19538857688492,3520.1956311947283,59.33123655541597,33676.095008782395,84.22360998684735,lstm_fedProx_diff001
853,47,48.74921975148809,4964.810223995246,70.46140946642528,30719.027087568804,83.79478668144958,lstm_fedProx_diff001
854,47,6.609070516170635,92.705342226964,9.62836134692524,3400.5031854993467,69.74921923195896,lstm_fedProx_diff001
855,47,5.905921708829364,104.06725462919704,10.201335923750234,3439.293986922077,62.87493924986868,lstm_fedProx_diff001
856,47,66.1472528829365,8003.000565616047,89.45949119917935,20899.04631355904,91.61607946171472,lstm_fedProx_diff001
857,47,41.22067985912698,3319.6641352032616,57.61652658051561,17710.376339529823,81.36029245279055,lstm_fedProx_diff001
858,47,749.227054608135,1117427.524387959,1057.0844452492709,296660.51372777025,81.53469679572412,lstm_fedProx_diff001
859,47,2.92841979952381,15.375331213349927,3.921139019895868,830272177.9637203,92.26778314325168,lstm_fedProx_diff001
860,47,6.8769812860615085,133.11818634497965,11.537685484748648,600231.2542734601,104.91043779394109,lstm_fedProx_diff001
861,47,2.5878295184027778,13.841554497306948,3.720423967413788,856.0141632665735,80.28487379500672,lstm_fedProx_diff001
862,47,86.92141720138889,13764.952947900249,117.32413625465242,51146.98347139275,86.46254427157058,lstm_fedProx_diff001
863,47,97.52323263888889,24622.38724495497,156.9152231141229,20864685209.529285,35.07115926778206,lstm_fedProx_diff001
864,47,31.522477431051584,3088.2987542431265,55.57246399290863,7197472926.177955,33.110092000760204,lstm_fedProx_diff001
865,47,6.963764258928571,130.0196390938706,11.402615449705852,1360340908.1424832,35.196823773491495,lstm_fedProx_diff001
866,47,1.4675764982142858,5.76338780847214,2.400705689682128,309015152.31518763,34.80913914685206,lstm_fedProx_diff001
867,47,6.507000281746032,136.045557931092,11.663856906319282,1510192048.185403,33.28378174713141,lstm_fedProx_diff001
868,47,60.7603349454365,9023.530548196855,94.99226572830472,11878080678.9416,47.745243927496425,lstm_fedProx_diff001
869,47,32.55458356746031,3037.77616424544,55.11602456859021,6701932746.429827,34.8898663045688,lstm_fedProx_diff001
870,47,197.0851630009921,112597.07969922398,335.55488328919307,45771385769.00356,34.69309866026612,lstm_fedProx_diff001
871,47,10.027319590525794,239.4929355102084,15.47555929555402,1514548538.996489,41.86560962857595,lstm_fedProx_diff001
872,47,113.09692651785711,36927.71966168586,192.1658649752496,25684944282.926792,35.143852228827924,lstm_fedProx_diff001
873,47,14.489088764384922,553.7723776471819,23.53236872155419,2383396043.1479883,39.4455518873887,lstm_fedProx_diff001
874,47,5.462930450644841,91.9416632165337,9.588621549343456,1323516253.1212697,33.227528798105105,lstm_fedProx_diff001
875,47,678.2488340873016,501643.8745466981,708.2682221776564,722647652071.2057,159.465574787144,lstm_fedProx_diff001
876,47,11.254363544642857,397.6019797793534,19.939959372560253,2673188348.74594,32.84385489617962,lstm_fedProx_diff001
877,47,31.30982107837301,2356.9627602760693,48.54856084660048,5912580011.564212,37.6957079082114,lstm_fedProx_diff001
878,47,19.97581766021825,1001.5362856888312,31.6470580890046,4155335071.669444,35.925177151432855,lstm_fedProx_diff001
879,47,87.5201893998016,19256.43670786521,138.76756360138782,18478260138.873,35.77160244446746,lstm_fedProx_diff001
880,47,8.227890290178573,173.31918228256566,13.165074336385862,1535803319.2030914,36.5093176544648,lstm_fedProx_diff001
881,47,30.02151185813492,2072.436750968493,45.52402388814606,6316123014.814253,36.910168456078566,lstm_fedProx_diff001
882,47,6.035001438244048,87.79864071663563,9.3700928873003,1107946138.1178322,36.32068511096226,lstm_fedProx_diff001
883,47,17.48157325793651,801.7452208977886,28.315105878272615,3458574173.4909334,36.21545279821459,lstm_fedProx_diff001
884,47,9.155011595734129,218.91162721596052,14.795662445999522,1740525053.947328,36.89667388870211,lstm_fedProx_diff001
885,47,56.31111422619048,8879.948934108143,94.23348096142976,11587293691.713654,35.25000139378668,lstm_fedProx_diff001
886,47,7.370881287698412,141.6454975959601,11.901491402171414,1377455036.4720652,36.90566432225681,lstm_fedProx_diff001
887,47,9.208406319940476,209.6298993637005,14.478601429823962,2019514904.0755863,37.34135050992748,lstm_fedProx_diff001
888,47,36.93219272470238,3967.470456524741,62.98785959631222,7817137373.073457,34.5041589281463,lstm_fedProx_diff001
889,47,41.69989503373016,4509.292030060653,67.15126231174402,7982470165.812027,36.45682907081562,lstm_fedProx_diff001
890,47,45.29707797619047,5266.039590681022,72.56748301189053,7803492149.847836,49.87513380730309,lstm_fedProx_diff001
891,47,74.16086195932539,9288.348048704149,96.3760761221588,35995871936.80597,63.72492472935743,lstm_fedProx_diff001
892,47,135.83949535218255,42894.532685647086,207.10995313032905,26713751978.029957,36.73292076266739,lstm_fedProx_diff001
893,47,2536.9594216269843,7079206.733070107,2660.677870970123,802211505429.9283,141.69985458456424,lstm_fedProx_diff001
894,47,6.899748379960317,141.86615350779593,11.91075788973128,1613607756.0334857,33.9919256395497,lstm_fedProx_diff001
895,47,11.033266638888891,375.2146283881319,19.370457619481577,2565171842.5957623,33.186356944533145,lstm_fedProx_diff001
896,47,14.69267167261905,565.9629994096548,23.789976868623786,2834801216.74725,34.78601649684413,lstm_fedProx_diff001
897,47,27.733574928571425,1833.7239620564776,42.822003246654376,4546490401.223488,38.26009645375849,lstm_fedProx_diff001
898,47,56.12194056845238,5518.80872990313,74.28868507318683,7264089894.779003,59.28206080797054,lstm_fedProx_diff001
899,47,12.523867217261904,476.5008302734722,21.828898970710185,2775562099.4594097,34.35153898319637,lstm_fedProx_diff001
900,47,62.41532092261905,10739.708590795108,103.63256530065782,13025855888.171804,35.366213988568404,lstm_fedProx_diff001
901,47,9.013009328869048,208.7259442952517,14.447350770824793,1712869385.6740043,36.08709606846811,lstm_fedProx_diff001
902,47,179.6946275347222,70350.23720989024,265.2361913651496,25506668029.628937,48.171793561393976,lstm_fedProx_diff001
903,47,84.58806823412698,17397.567384792976,131.8998384562808,17591242427.082928,35.97505089513559,lstm_fedProx_diff001
904,47,46.47712615376983,5568.4919095864825,74.62232849212414,9612693901.623226,36.465391574542295,lstm_fedProx_diff001
905,47,9.052301056051586,214.0557677487261,14.6306448165734,1577377905.141195,37.92422173248264,lstm_fedProx_diff001
906,47,88.18871043154762,19798.22992193284,140.7061829555931,17499811030.69539,35.911814112358456,lstm_fedProx_diff001
907,47,12.656090865575395,448.5633590209014,21.17931441338225,2766105752.921465,34.480776766545766,lstm_fedProx_diff001
908,47,6.806491577380953,117.45350721623709,10.837596929958092,1136886650.375456,38.92049023967376,lstm_fedProx_diff001
909,47,20.01357786507937,1015.0625146866238,31.86004574206735,3735280789.991509,39.64000249064157,lstm_fedProx_diff001
910,47,734.5224828025794,657506.2709670436,810.8676038460555,319120624439.4519,102.99680921283525,lstm_fedProx_diff001
911,47,27.9405687375992,2135.274707780029,46.20903275096796,5551425107.164238,35.69433346975351,lstm_fedProx_diff001
912,47,9.43251546279762,199.9120315844984,14.139025128505091,1264714466.678609,43.53208606189968,lstm_fedProx_diff001
913,47,45.48816083878968,5543.126197512594,74.45217389379974,9931585934.841516,35.247166680190965,lstm_fedProx_diff001
914,47,4.231006830357144,45.56271970077725,6.7500162741120295,738338739.1909596,36.85084802022918,lstm_fedProx_diff001
915,47,5.173236531001985,81.25198396323998,9.01398823846803,1046630457.905412,34.688019675087126,lstm_fedProx_diff001
916,47,178.60313645833335,90747.35270488508,301.2430127071582,38709956410.86563,34.51277545436957,lstm_fedProx_diff001
917,47,100.59542712797618,29796.15760932969,172.61563547178943,21131138829.8936,34.746120305099936,lstm_fedProx_diff001
918,47,75.04904762896824,13733.59955048683,117.19044137849652,15020924357.16032,36.76064554544586,lstm_fedProx_diff001
919,47,5.2204301937003965,61.17786402003232,7.821627964818598,1145882589.0554082,37.83280726566266,lstm_fedProx_diff001
920,47,50.45502381051587,6476.320102886524,80.47558699932871,9081914774.674393,36.432960292691945,lstm_fedProx_diff001
921,47,61.95915031746032,13805.754769923073,117.49789261907242,16157066365.135193,31.796243050878005,lstm_fedProx_diff001
922,47,4.549224425843255,52.12128656710141,7.219507363186315,1033731920.3502066,35.41106010451036,lstm_fedProx_diff001
923,47,2.6730384841269843,21.35645458524741,4.621304424645428,663848478.7641073,32.75002478182425,lstm_fedProx_diff001
924,47,2.3428977908234123,17.454421409583873,4.177848897409272,682107180.6061037,32.67131175191235,lstm_fedProx_diff001
925,47,1.5296913864583337,6.648511099393985,2.5784706900397345,356379333.5699474,34.4350168802254,lstm_fedProx_diff001
926,47,3.230615905902777,20.10675123500242,4.484055222117856,503957533.4272761,64.81776597917907,lstm_fedProx_diff001
927,47,3.128061725446429,25.56844671510641,5.056525162115424,572286180.2691381,53.26478062722428,lstm_fedProx_diff001
928,47,2.6580460458333337,18.71239347055294,4.325782411374033,445437977.396663,53.81337217837412,lstm_fedProx_diff001
929,47,14.016235005456348,563.1828817501943,23.731474495913528,2988640847.1688066,36.04912172369034,lstm_fedProx_diff001
930,47,2.240892667708333,8.473668392774366,2.9109566112833707,4106806498.955074,80.16605384641959,lstm_fedProx_diff001
931,47,23.849761288690477,1400.7896147112333,37.42712405076342,5185446293.435105,35.735640677312745,lstm_fedProx_diff001
932,47,148.1639494047619,33078.80934124969,181.87580746556063,60501678569.16487,75.63278410949079,lstm_fedProx_diff001
933,47,117.36110615575396,31219.775800966858,176.69118767207055,22769965111.066826,37.20662463752895,lstm_fedProx_diff001
934,47,15.041306235119048,575.7558392978194,23.99491277954182,2975536485.0109,36.02745917632518,lstm_fedProx_diff001
935,47,2.430754304861112,18.86694873999936,4.343610104509769,440054640.270936,37.35470459555256,lstm_fedProx_diff001
936,47,14.16445538095238,667.6807405609776,25.839518969225757,3528758227.630465,32.67491465131408,lstm_fedProx_diff001
937,47,29.953197342261905,1358.0829984050283,36.85217766163933,1315008.429683572,121.35618550852594,lstm_fedProx_diff001
938,47,28.97217221130952,2377.4008856962027,48.758598069429794,22592275275.617542,41.78798327323277,lstm_fedProx_diff001
939,47,36.805592963789685,3630.53246475792,60.25389999624854,8975653024.534367,35.77045545751071,lstm_fedProx_diff001
940,47,118.52944211309526,38030.24623224829,195.0134514136097,30827706386.75291,34.410433448044955,lstm_fedProx_diff001
941,47,3458.043059375,13222000.466413978,3636.206878934968,1110943912628.8037,136.94642877285466,lstm_fedProx_diff001
942,47,774.4561373511905,686153.2495196696,828.3436783845638,100797659817.71098,83.06534154084574,lstm_fedProx_diff001
943,47,169.99265220684524,33516.27858839724,183.07451649095577,60094979424.90221,127.31700097171476,lstm_fedProx_diff001
944,47,30.58841793650793,2131.521735017496,46.16840624298716,5222906911.367064,42.38280018235693,lstm_fedProx_diff001
945,47,52.89780999900793,6486.244463852182,80.53722408831945,9560182314.923449,37.68980290555245,lstm_fedProx_diff001
946,47,37.52211080952381,3654.498107658491,60.45244500976359,7785709313.756864,35.57356512665645,lstm_fedProx_diff001
947,47,9.460313871031747,237.2761718360068,15.403771351068764,1873163860.214442,35.80315809498064,lstm_fedProx_diff001
948,47,522.5604470386904,333068.5531967367,577.1209173100008,226917870951.6232,102.8849021236769,lstm_fedProx_diff001
949,47,104.36999949404763,26705.62553176673,163.4185593247191,22193781934.674217,36.10670029032436,lstm_fedProx_diff001
950,47,4.9244819146825405,73.7071637345244,8.585287632602906,1137673721.0727396,34.20260625929537,lstm_fedProx_diff001
951,47,69.58580213293651,11788.881734193412,108.5766168850062,10637113414.432028,51.29938418486649,lstm_fedProx_diff001
952,47,49.51247461507937,2980.822266918539,54.59690711861377,21472985525.729347,104.48242378459769,lstm_fedProx_diff001
953,47,125.9527224404762,40937.50655711445,202.33019190697777,25511739954.176884,35.84213843670837,lstm_fedProx_diff001
954,47,39.82856838789682,3923.917103222064,62.64117737736148,7180130145.66075,41.16316833873761,lstm_fedProx_diff001
955,47,49.32847563492063,6466.84037238736,80.41666725491277,9546626966.981443,38.13228978001502,lstm_fedProx_diff001
956,47,35.43374693303571,3341.3496333775497,57.804408425115376,7653802995.671547,35.214132299645065,lstm_fedProx_diff001
957,47,8.85473409126984,247.369163084318,15.72797390270972,2470486801.46616,33.86517434610701,lstm_fedProx_diff001
958,47,53.57742271825396,8282.381941002215,91.00759276567102,11532279602.64685,34.514320001624235,lstm_fedProx_diff001
959,47,44.597796357638885,5346.526696945521,73.1199473259214,8978152619.402851,35.60399068037429,lstm_fedProx_diff001
960,47,40.34182683234127,4014.341799337063,63.35883363302282,7872833265.66599,36.99214674268311,lstm_fedProx_diff001
961,47,17.347869711805554,781.9795353847163,27.96389699925095,3497589918.0276804,37.53760158391722,lstm_fedProx_diff001
962,47,102.2893955124008,25133.4637370741,158.53537061827592,80071736465.66727,45.97579820075482,lstm_fedProx_diff001
963,47,12.813488284722224,393.6633361640772,19.84095098940767,2117677662.383437,38.50837953675034,lstm_fedProx_diff001
964,47,141.0248325267857,24118.896534937525,155.3025966780257,60427353198.66051,107.78420505703436,lstm_fedProx_diff001
965,47,44.73408435367063,4751.942494418067,68.93433465565667,8180100872.453119,37.356724048852726,lstm_fedProx_diff001
966,47,12.366063181547618,423.16789826548495,20.57104514276037,2911109101.400517,36.60875121781053,lstm_fedProx_diff001
967,47,4.688274594246031,51.23233629798189,7.157676738857511,1002945329.6148654,39.27092506035768,lstm_fedProx_diff001
968,47,26.781066462797614,1930.3191000116308,43.93539689147728,5265084042.850979,35.97264340832324,lstm_fedProx_diff001
969,47,23.198748942460316,1561.3005826264778,39.51329627639888,5432961140.484649,34.4853226698573,lstm_fedProx_diff001
970,47,492.7395588690477,296385.84267596947,544.4133013400476,214191652360.71497,102.54290481528616,lstm_fedProx_diff001
971,47,12.263701119543652,362.9681696816057,19.05172353572258,2725077607.312609,36.93012510803944,lstm_fedProx_diff001
972,47,5.348261409474207,84.66855841391512,9.20155195681224,1071166263.4291404,35.183172376652315,lstm_fedProx_diff001
973,47,11.229022094742064,377.88384177669326,19.43923459853019,2298858578.2998133,37.1384721771246,lstm_fedProx_diff001
974,47,67.92825472718253,13523.387696523594,116.29010145547038,14915662457.231075,34.71330478478286,lstm_fedProx_diff001
975,47,7.722221238591269,128.70513588580025,11.34482859658092,1561045883.8135135,37.3266932019831,lstm_fedProx_diff001
976,47,26.91931294890873,2019.8294673819296,44.942512917970326,4594315063.998667,37.2585705005266,lstm_fedProx_diff001
977,47,179.72939268849206,40591.077762079054,201.472275417932,78276824259.33076,112.12040985479028,lstm_fedProx_diff001
978,47,14.943627439484128,592.2505218573874,24.33619776911314,2801648378.075454,37.716375523966526,lstm_fedProx_diff001
979,47,7.774752891617063,146.32267459869152,12.096390974116682,1323541290.1181695,38.667709742090565,lstm_fedProx_diff001
980,47,6690.673371478174,49464713.44733828,7033.115486563425,4588367059942.369,140.0892572794349,lstm_fedProx_diff001
981,47,175.77875253472223,38321.51311793814,195.75881364050545,77572038348.35732,104.75326318591148,lstm_fedProx_diff001
982,47,9.085433711805557,212.37867843137067,14.573217847523267,1847876926.170247,37.01749236454524,lstm_fedProx_diff001
983,47,24.36591239930555,1747.3588627475,41.80142177901967,5692863705.479967,34.06621016387943,lstm_fedProx_diff001
984,47,185.2245733670635,38728.157785949,196.7947097509204,62407799589.0754,130.65923632465183,lstm_fedProx_diff001
985,47,56.95291441914683,4364.343647424511,66.06317921069581,11601.890887737463,125.3440183411005,lstm_fedProx_diff001
986,47,33.884430157738095,2756.35967021534,52.501044467851685,35214.02042358862,48.32761528873216,lstm_fedProx_diff001
987,47,30.14962232886905,1379.03407676378,37.13534807651303,8742.635852605768,63.652121507557794,lstm_fedProx_diff001
988,47,9.637981799851191,155.20669323585497,12.45819783258618,2050698807.737922,112.91356794117912,lstm_fedProx_diff001
989,47,69.57761855605158,8839.512102440283,94.01867953997376,33883.5594085046,79.11784306105946,lstm_fedProx_diff001
990,47,23.987978499007937,1382.2728709639969,37.17893047095353,8197.237108949357,46.49256006983013,lstm_fedProx_diff001
991,47,169.29688234126985,60043.7022060664,245.03816479492824,7029966915.573157,76.49907414000499,lstm_fedProx_diff001
992,47,13.216576182291668,302.31884044989147,17.38731838006918,29395.088791817456,99.27390286726664,lstm_fedProx_diff001
993,47,18.910527632936507,1007.7195637448405,31.744598969664757,7749.655584616855,56.41031334526446,lstm_fedProx_diff001
994,47,13.54267973779762,411.2208379072904,20.278580766594352,1761708949.8294008,65.63912228606229,lstm_fedProx_diff001
995,47,26.806118917212306,1457.9932149876197,38.183677337150485,2204553668.3853054,100.3890741239726,lstm_fedProx_diff001
996,47,7.947799172371032,156.30967842966527,12.502386909293172,2637.070365782843,46.68410854397964,lstm_fedProx_diff001
997,47,1.6331149580357145,4.953243810694179,2.225588418979165,70203246.6818837,69.80223361496506,lstm_fedProx_diff001
998,47,12.435352146929825,348.8584747192793,18.677753470888284,7598.951588383417,45.09761189792293,lstm_fedProx_diff001
999,47,7.47362163764881,120.49972260765855,10.977236565167871,2216.543944939592,51.95486154683241,lstm_fedProx_diff001
1000,47,28.393443682043653,1528.282984416273,39.09326008938463,6561.9904060807785,60.52901385355316,lstm_fedProx_diff001
1001,47,21.69377919246032,917.9928039837142,30.29839606288944,6761.326159688353,60.60449828147237,lstm_fedProx_diff001
1002,47,72.33011158978175,9806.31664596341,99.02684810678068,88236.33257096996,164.1479485229388,lstm_fedProx_diff001
1003,47,7.536703479414681,136.874892336004,11.69935435551911,2416.4139903695664,51.03990449029083,lstm_fedProx_diff001
1004,47,1.29169577991453,87.06227965797542,9.330716995921344,1.976284890123791,3.9521484842959023,lstm_fedProx_diff001
1005,47,39.356932331349206,3612.877675517216,60.107218164852846,13436.329106464584,47.6038966700637,lstm_fedProx_diff001
1006,47,10.26184270386905,189.1189503667925,13.752052587406451,3062.0232044345858,97.52754909316263,lstm_fedProx_diff001
1007,47,39.89750967609128,2778.993002653572,52.71615504428953,9292.757209371808,94.59751239213487,lstm_fedProx_diff001
1008,47,59.92940082738095,8040.913956951485,89.67114339045469,51675.57045542105,69.65946939855408,lstm_fedProx_diff001
1009,47,32.33178667681624,2039.7786129642768,45.16390830037052,16607.66016078624,66.81784186413621,lstm_fedProx_diff001
1010,47,43.38363726835317,5153.640480648296,71.78886042171374,16113.39986013811,56.657469598074606,lstm_fedProx_diff001
1011,47,6.3683873645833335,70.84997551463957,8.417242750131397,220077360.4872278,85.84348032625773,lstm_fedProx_diff001
1012,47,13.741908552579366,529.2583859558724,23.005616400259143,5638.228244121518,43.16746210825768,lstm_fedProx_diff001
1013,47,33.949360207341265,3225.1281551104807,56.79021178962516,14509.74310947984,43.24408790791456,lstm_fedProx_diff001
1014,47,10.361437764880954,363.4113711479651,19.063351519288656,4148.309249998976,40.44001148943879,lstm_fedProx_diff001
1015,47,28.302446073559675,1065.2070457113548,32.63750979641913,25.264450635914965,21.64185312668291,lstm_fedProx_diff001
1016,47,45.02418192460317,7365.247806160927,85.82102193612546,5475.03640344758,24.29252709667452,lstm_fedProx_diff001
1017,47,7.533556400793651,112.66722192857054,10.614481707957792,10.20126723184184,10.57704135118644,lstm_fedProx_diff001
1018,47,28.88654531746032,1114.561852335856,33.385054325788595,13.303572360259428,12.428340803292416,lstm_fedProx_diff001
1019,47,75.28032725694443,13054.859078468904,114.2578622173061,3982.6286338623754,32.14182369294086,lstm_fedProx_diff001
1020,47,83.30751806051586,11606.013873457989,107.73121123174094,45014152404.30067,36.04378583660734,lstm_fedProx_diff001
1021,47,1.860307422321428,6.26886661260297,2.5037704792178874,28.12839845962684,24.77250568183264,lstm_fedProx_diff001
1022,47,3.344441390873016,19.82692811775869,4.452743886387212,24.747170047002555,22.107266839886584,lstm_fedProx_diff001
1023,47,9.367041031746032,153.51566577056732,12.390143896281726,21.027258278298515,20.314752486456307,lstm_fedProx_diff001
1024,47,1.8913855449900792,6.445138151860589,2.538727663980638,89.1479148790447,40.84139593820783,lstm_fedProx_diff001
1025,47,7.1386636403769845,78.01766057775689,8.832760643069463,8.354485237586115,8.715274320843484,lstm_fedProx_diff001
1026,47,5.826127123511905,63.036570200701405,7.939557305083288,20.31140942131432,19.641246114360108,lstm_fedProx_diff001
1027,47,79.84183527281748,15456.572792526546,124.32446578419932,11823.271705695784,49.02678181341506,lstm_fedProx_diff001
1028,47,3.0814029730654764,15.884390830748332,3.985522654652503,51.89977682690466,39.4429117715184,lstm_fedProx_diff001
1029,47,16.402277172619048,694.7357316570506,26.357840041571134,517.5751562732192,30.17750731748354,lstm_fedProx_diff001
1030,47,14.646534354662691,293.0935714155975,17.119975800672076,11.054642864796838,11.812844979096369,lstm_fedProx_diff001
1031,47,24.59712742609127,1061.349871187182,32.57836507848701,16.37081350627996,16.26034873225109,lstm_fedProx_diff001
1032,47,4.319998970337301,33.98781323415617,5.82990679463713,28.644822897007412,25.73826265676587,lstm_fedProx_diff001
1033,47,50.55317109176587,4708.538084822542,68.61878813286155,20.92685538871043,20.366317204357205,lstm_fedProx_diff001
1034,47,35.80183767509921,2043.733057407186,45.20766591416975,28.210369962908167,25.702378945528903,lstm_fedProx_diff001
1035,47,30.257442220238097,1741.2596569491657,41.7284034795146,21.48179889093481,20.35489172608531,lstm_fedProx_diff001
1036,47,18.57466470436508,606.1366724539353,24.61984306314594,27.73101883378157,25.035723368314304,lstm_fedProx_diff001
1037,47,6.057351481646825,68.86843545417004,8.298700829296719,21.241200171347803,20.495040870891344,lstm_fedProx_diff001
1038,47,15.192396362103176,372.225730384974,19.293152422167147,88.18387821186734,56.277776985465486,lstm_fedProx_diff001
1039,47,27.64339095535714,1218.2194473806114,34.90300054981822,55.43474687734462,42.992437879038334,lstm_fedProx_diff001
1040,47,3.2981284395337305,21.474638061286807,4.634073592562682,24.64547490521053,21.585617555438223,lstm_fedProx_diff001
1041,47,60.34198052083334,6377.2394208937385,79.85761967961315,15.060586146582231,14.784684378582224,lstm_fedProx_diff001
1042,47,23.19993547271825,860.7964496977374,29.33933280934891,43.14717933916658,35.68144043567518,lstm_fedProx_diff001
1043,47,7.049240655753969,80.35332368202745,8.964001544066548,12.676886795523815,13.012319491432692,lstm_fedProx_diff001
1044,47,6.296094574900793,61.02419684040914,7.811798566297593,8.2907974132276,8.598373430820445,lstm_fedProx_diff001
1045,47,10.638887385912698,192.60572608574435,13.878246506160076,12.216774709558845,12.79763814015931,lstm_fedProx_diff001
1046,47,41.05885036755952,2747.174170897228,52.41349226007773,15.84864961453374,16.13359141155623,lstm_fedProx_diff001
1047,47,37.96318589732143,2301.5764284474653,47.97474782057187,2686.318941872561,172.30699356082107,lstm_fedProx_diff001
1048,47,13.762657788541668,343.0646755670083,18.52200517133629,23115027807.889927,36.51952921106256,lstm_fedProx_diff001
1049,47,10.182436576636904,203.7510681413996,14.274139838932488,29.438309232319654,26.331486849055786,lstm_fedProx_diff001
1050,47,9.006724098710317,151.05185267735757,12.290315401866527,27.73141988899999,24.18312317815348,lstm_fedProx_diff001
1051,47,58.27393970188493,8565.574030653466,92.55038644248584,1402.9304021008406,31.920859689890374,lstm_fedProx_diff001
1052,47,3.174867992708333,18.38631235569597,4.287926346813338,44.67700077682309,34.47045635852789,lstm_fedProx_diff001
1053,47,9.389882831349206,155.2260898972062,12.458976278057769,25.73465152520401,23.338386605624866,lstm_fedProx_diff001
1054,47,37.0596983531746,2217.1693979399333,47.08682828498787,11.351648506611586,11.813149474789354,lstm_fedProx_diff001
1055,47,24.080384380456348,1071.087495703341,32.7274731029351,13481222909.491154,26.42181481399645,lstm_fedProx_diff001
1056,47,1.4965592328373014,3.4624738389042724,1.8607723769726037,28.761565243575056,25.48598309885868,lstm_fedProx_diff001
1057,47,10.40340778968254,170.43710488726467,13.05515625671576,8.93783204470553,9.087592476179958,lstm_fedProx_diff001
1058,47,2.042453118998016,7.343685424570395,2.709923508988841,21.35323260981023,20.58154492908119,lstm_fedProx_diff001
1059,47,43.62443867559524,3213.76455060676,56.69007453343804,17.88116975822825,15.885077661514485,lstm_fedProx_diff001
1060,47,17.480588603174603,514.6680298127949,22.68629607963351,28.890259563166158,27.025104128540185,lstm_fedProx_diff001
1061,47,5.9372776850198425,61.00033328315045,7.81027101214487,18.819247332655458,18.12064550896692,lstm_fedProx_diff001
1062,47,17.352136605654763,1104.8440795215815,33.23919492890256,932.92722745576,24.859327978226208,lstm_fedProx_diff001
1063,47,4.2402174536706365,33.66128799515154,5.801834881755214,31.19308314133117,27.439229642795183,lstm_fedProx_diff001
1064,47,28.215586150793648,1587.2638219469457,39.84047969022142,5.80768799903815,5.977442043723251,lstm_fedProx_diff001
1065,47,2.3579614833829363,8.215880326594387,2.866335696772865,15.47562083129237,15.020294011207053,lstm_fedProx_diff001
1066,47,8.034485674603173,109.08709646950273,10.444476840392856,9.204204208658927,9.19441783951748,lstm_fedProx_diff001
1067,47,39.11581743055555,2611.251081113955,51.10040196626593,18.137136308968728,18.24086159551845,lstm_fedProx_diff001
1068,47,47.61307478174604,10011.198287665638,100.055975771893,2749.2312394701244,22.72937706806944,lstm_fedProx_diff001
1069,47,46.54462245039683,3237.111650240553,56.89562065959517,21.126472789071794,19.441816002991384,lstm_fedProx_diff001
1070,47,6.8479758182043655,83.86313743834374,9.157681881259238,26.16693292290613,24.566296313896743,lstm_fedProx_diff001
1071,47,167.13019895833338,58940.77813832218,242.77721915023696,6.079510215165679,5.996044142047756,lstm_fedProx_diff001
1072,47,14.826383506944444,492.4198339762893,22.190534783467687,6.724939935927125,6.683129466856432,lstm_fedProx_diff001
1073,47,76.11436646329365,7364.111647482052,85.81440233132228,26.36664527951151,23.229472449647947,lstm_fedProx_diff001
1074,47,19.659869330357147,615.9535698931224,24.818411913197075,9.372619746306135,9.348329082108592,lstm_fedProx_diff001
1075,47,90.18005119047618,41744.07669062704,204.31367230468703,6373.85380289735,21.68121705742018,lstm_fedProx_diff001
1076,47,6.44189540922619,65.37662337607898,8.085581202120165,29.365696375246763,26.631804631514868,lstm_fedProx_diff001
1077,47,70.18746406250001,7421.680531632799,86.14917603571608,8.194439895962061,8.485830235731575,lstm_fedProx_diff001
1078,47,8.122096321924603,361.2538878601064,19.006680085172853,585.6642633554749,20.954976217268182,lstm_fedProx_diff001
1079,47,5.464368784722222,48.01788740661429,6.929494022409883,18.13919332527767,16.606595301519256,lstm_fedProx_diff001
1080,47,16.713330595238098,443.7418262532409,21.06518042299284,8.61873067816528,8.805095279133239,lstm_fedProx_diff001
1081,47,42.02447968303572,2454.5563033366448,49.54347891838688,76.28695836921912,56.33168322409746,lstm_fedProx_diff001
1082,47,127.8811889186508,43616.03087969638,208.84451364519103,7612.947702610199,32.42014285212543,lstm_fedProx_diff001
1083,47,10.361243348214286,199.0663137422937,14.109086212164618,6.436015064120372,6.161096348564174,lstm_fedProx_diff001
1084,47,12.371545862103176,240.89462953343943,15.520780571009931,22.773899924013136,20.490835949736702,lstm_fedProx_diff001
1085,47,9.874876381944445,383.0268794656368,19.57107251699908,536.0759212924517,23.89332063955885,lstm_fedProx_diff001
1086,47,6.31967595188492,63.64597035510294,7.977842462414443,19.03427104950467,17.993816844680946,lstm_fedProx_diff001
1087,47,20.439733040674604,673.6643708614054,25.95504519089507,9.834335092057742,9.932070988211638,lstm_fedProx_diff001
1088,47,14.423164708829365,329.3676010685349,18.148487569726985,19.743709495947503,19.911862670978262,lstm_fedProx_diff001
1089,47,17.166800039682542,443.3287011689581,21.055372263841782,24.297520160923337,22.066058104789445,lstm_fedProx_diff001
1090,47,81.1824394890873,33729.17599740828,183.6550462073076,5047.851242357814,21.473156787199617,lstm_fedProx_diff001
1091,47,10.76111912202381,183.6110152441318,13.550314212007477,8.507766494450511,8.543417869567875,lstm_fedProx_diff001
1092,47,24.99572610119048,2924.379180726072,54.07752935116463,1583.0529851788972,22.2571423456124,lstm_fedProx_diff001
1093,47,0.1890637770932539,0.0945868548541106,0.3075497599643196,109413515.38802227,13.622334438321989,lstm_fedProx_diff001
1094,47,8.382694165674604,119.41153848747705,10.927558670054214,22.2855603825934,20.32633710032598,lstm_fedProx_diff001
1095,47,0.8010521210317461,1.0584860843009891,1.0288275289381543,7.682087100378111,7.4250573436493745,lstm_fedProx_diff001
1096,47,0.2336353575892857,0.0855319999204207,0.2924585439347272,6.846976902380392,6.536787317522872,lstm_fedProx_diff001
1097,47,6.251564568700398,68.94558392974969,8.303347754354848,275017053.94689006,25.47760671544954,lstm_fedProx_diff001
1098,47,17.163213113591272,432.8005291080512,20.803858514901776,21.12352246862882,20.801120818636743,lstm_fedProx_diff001
1099,47,3.429978948660714,21.77694411205156,4.666577344484024,17.989610494552196,16.410618812262804,lstm_fedProx_diff001
1100,47,18.856763004464284,526.1967854439332,22.938979607731756,21.432969776123382,21.151738931619008,lstm_fedProx_diff001
1101,47,10.532250624503968,199.38335144428476,14.120316973931027,2691129254.55945,15.308611917499745,lstm_fedProx_diff001
1102,47,26.47906877579365,1323.4122226704008,36.37873310974973,1438.213307753174,20.681482873319315,lstm_fedProx_diff001
1103,47,16.732212002480157,488.3799783048612,22.099320765690088,19.48384026571137,19.288935522216097,lstm_fedProx_diff001
1104,47,9.422011948908729,151.23725990489777,12.2978559068196,25.782897452486058,23.993106087224525,lstm_fedProx_diff001
1105,47,10.406593640873016,165.55224543705185,12.866710746614764,8.02141738996979,7.819190040259011,lstm_fedProx_diff001
1106,47,9.875368175099206,178.94545213208644,13.377049455395104,12.825242862233347,12.11602529716829,lstm_fedProx_diff001
1107,47,66.93291431051587,11553.660164851988,107.48795358016632,22231.31876887149,66.68412316895602,lstm_fedProx_diff001
1108,47,10.296888751984127,151.3955814197589,12.30429117908703,8.992291757961288,8.848796208360438,lstm_fedProx_diff001
1109,47,6.905081421130952,79.59345824698545,8.921516588954226,8.614474332536071,8.628829996726317,lstm_fedProx_diff001
1110,47,19.575794737599207,607.3722455545835,24.64492332214859,14.80564552183351,15.003447580169372,lstm_fedProx_diff001
1111,47,104.34603686507936,18481.050155004745,135.94502622385545,11.358891261978982,10.863127634348013,lstm_fedProx_diff001
1112,47,4.5759331522817455,41.72780190151862,6.459706022840251,14.194832018923025,14.576443526849742,lstm_fedProx_diff001
1113,47,22.964671836805557,1962.6526240269327,44.30183544760796,1150.4235792322215,24.631003688651106,lstm_fedProx_diff001
1114,47,26.410771630456352,1155.685758379644,33.995378485606594,26.020079065031343,20.045206206768796,lstm_fedProx_diff001
1115,47,18.139680004960315,490.8322914453174,22.15473519239888,6.679898598923415,6.59310373107212,lstm_fedProx_diff001
1116,47,12.366502787698412,278.0558971177418,16.67500815945053,22.19531154735242,21.633937402300297,lstm_fedProx_diff001
1117,47,5.105211626240078,41.78760687308606,6.464333443835185,29.86007331975521,27.473385455721232,lstm_fedProx_diff001
1118,47,7.71799761061508,97.953425966402,9.897142313132717,13.44119430741346,12.832447348491783,lstm_fedProx_diff001
1119,47,83.16311602678573,11987.657364049768,109.4881608396532,8.097716261534513,8.045652285173775,lstm_fedProx_diff001
1120,47,67.31196512896825,23673.917130004786,153.86330663938296,4485.8408861161015,21.44952130765737,lstm_fedProx_diff001
1121,47,2.6993952733134923,13.312483741832878,3.648627651848415,14.958223445119389,14.334257390929672,lstm_fedProx_diff001
1122,47,15.51593156597222,421.2883445075223,20.52530985168122,22.10517285475408,21.83884674441739,lstm_fedProx_diff001
1123,47,13.475873385416666,311.40388141000864,17.646639380063522,17.213231727696126,17.049860096718064,lstm_fedProx_diff001
1124,47,59.43190864583334,16957.29805638404,130.22019066329167,3705.472950202299,21.95184526883832,lstm_fedProx_diff001
1125,47,14.864777765376983,308.44241276701774,17.562528655265385,22.887530013334544,23.56636677027451,lstm_fedProx_diff001
1126,47,82.11831312003969,11745.963432255128,108.37879604542177,30.188570106028443,25.61627838320346,lstm_fedProx_diff001
1127,47,93.2807102827381,13440.564206744835,115.93344731674652,9.470573688754486,9.489094208028622,lstm_fedProx_diff001
1128,47,69.80423434027777,6713.320477914839,81.9348550857011,19.819137426932684,19.05449030368666,lstm_fedProx_diff001
1129,47,45.36538070238096,2849.721993512973,53.38278742734378,37.08484958610244,34.12213403387826,lstm_fedProx_diff001
1130,47,180.00654547619047,46093.93576289367,214.69498308738764,52.99809103489347,39.79828463750235,lstm_fedProx_diff001
1131,47,161.95000368551587,67108.0834441688,259.05227936493594,18275.83130355836,63.74068706550404,lstm_fedProx_diff001
1132,47,10.05992359126984,152.7881086430271,12.360748708837466,6.9622850732577,6.74882896516274,lstm_fedProx_diff001
1133,47,30.712034171626986,1741.1651933072594,41.72727157755776,9.64065710056846,9.574389736643498,lstm_fedProx_diff001
1134,47,175.80382054067462,54922.156858253424,234.35476709095,18.40793765499591,16.66019887834292,lstm_fedProx_diff001
1135,47,5.929314365079366,65.17852795093185,8.073321989796508,4.3585670019475975,4.220176032985072,lstm_fedProx_diff001
1136,47,44.18860302083333,2892.298234871961,53.78009143606918,18.440350813703898,17.756152962513543,lstm_fedProx_diff001
1137,47,127.34811800099207,29521.48222409085,171.81816616438104,10.111959956493624,9.930163555199904,lstm_fedProx_diff001
1138,47,11.717557039186508,226.8760504700064,15.062405202025552,31.485157069663465,29.320624858857357,lstm_fedProx_diff001
1139,47,8.645457869543652,116.02518275802794,10.771498631018243,27.98667686936556,26.662659128641824,lstm_fedProx_diff001
1140,47,12.29887294345238,251.0786441249093,15.845461309943277,25.66577511329481,23.922020313738766,lstm_fedProx_diff001
1141,47,11.55619715327381,209.46809816685675,14.47301275363415,16.125773821550933,16.501188483188717,lstm_fedProx_diff001
1142,47,112.27798199900792,20335.856521071502,142.60384469246088,34.09054639018951,27.408264028635465,lstm_fedProx_diff001
1143,47,5.051254413789683,44.22582228779472,6.650249791383383,41.46924052394886,34.307696967917494,lstm_fedProx_diff001
1144,47,8.945911488095238,150.8631731467944,12.282637059963728,14.764967084131136,14.678240800944112,lstm_fedProx_diff001
1145,47,17.21222964980159,538.7019189421256,23.20995301464709,43.3933664230936,33.17930824466972,lstm_fedProx_diff001
1146,47,242.6463458333333,106272.23547752916,325.9942261413983,18.79606564307847,16.75353418651839,lstm_fedProx_diff001
1147,47,36.54994541666666,2181.36038794168,46.70503600193109,7.258335646979422,7.029253251395653,lstm_fedProx_diff001
1148,47,4.584169523809524,42.0599960140888,6.485367839536074,11.004431733622786,11.278101705826732,lstm_fedProx_diff001
1149,47,61.16887891468254,4538.640191378127,67.36943068913472,48.53853201958855,39.7620183910102,lstm_fedProx_diff001
1150,47,49.07627517361111,2809.648205102208,53.00611478973165,21.151178191196884,20.99513630370468,lstm_fedProx_diff001
1151,47,21.084306124007934,518.3460191082961,22.767213687851577,63.64548349518775,47.77515040117426,lstm_fedProx_diff001
1152,47,1.2481133353174605,3.2149868436204403,1.7930384389690144,6.081178567306854,5.869354631751792,lstm_fedProx_diff001
1153,47,25.85199422619048,1158.4046850542422,34.035344644270054,42.71172748122423,33.01695344516885,lstm_fedProx_diff001
1154,47,17.780184017361112,492.2749735220913,22.18727052888866,14.860719428591707,15.04985554044826,lstm_fedProx_diff001
1155,47,3.2464422247023808,17.7475455385995,4.212783585540503,11.064323268903378,11.395518528139196,lstm_fedProx_diff001
1156,47,16.575875293650796,397.8885543786128,19.947144015588115,16.83870809614586,17.03963212051784,lstm_fedProx_diff001
1157,47,106.29806086805556,19173.629708033164,138.46887631534085,14.222974711536931,13.922028482676147,lstm_fedProx_diff001
1158,47,27.242929879960315,1257.9299258519748,35.46730784612746,16.540262640767104,15.508844464208096,lstm_fedProx_diff001
1159,47,4.86557665124008,36.00504871567909,6.00042071155674,73.2501078648368,49.22644025880179,lstm_fedProx_diff001
1160,47,48.81360879960318,3803.9117196071447,61.675860104315895,16.89870680143322,16.96481869347001,lstm_fedProx_diff001
1161,47,5.379278941468253,44.39302285852309,6.662808931563555,10.776090542892488,10.272380621356668,lstm_fedProx_diff001
1162,47,26.896173533730163,1115.1989427345047,33.39459451370094,26.668714026926853,25.33986261121984,lstm_fedProx_diff001
1163,47,22.425614658234128,800.9634115670902,28.301296994432786,12.47325390084306,12.595440863747628,lstm_fedProx_diff001
1164,47,3.405743839285715,23.83024519085319,4.88162321270837,13.635807005947768,13.12804171777023,lstm_fedProx_diff001
1165,47,65.14472537152778,11741.791261473492,108.35954624062198,6691.938716237521,41.6010731246669,lstm_fedProx_diff001
1166,47,3.435844770833333,21.213039378554733,4.605761541651362,12.265717595396955,12.06515548850088,lstm_fedProx_diff001
1167,47,51.56821113591271,4132.725735994324,64.28627953143909,11.119365185120223,11.501785803262202,lstm_fedProx_diff001
1168,47,29.592640694940474,1298.043233069233,36.02836706082074,43.3697096517334,38.391574012030354,lstm_fedProx_diff001
1169,47,3.8064606755952384,25.915212320191056,5.090698608264985,8.910647416669129,8.727536753893368,lstm_fedProx_diff001
1170,47,133.47315517509918,28317.216715134386,168.27720200649398,13253.439760918242,94.60661807846571,lstm_fedProx_diff001
1171,47,13.087185620039683,270.80608305310005,16.456186771336185,18.827560921461988,18.21717266389371,lstm_fedProx_diff001
1172,47,34.7307131547619,2511.5654981629555,50.115521529392026,14.59270868442472,13.398407984740556,lstm_fedProx_diff001
1173,47,10.286508188988096,172.17698565753554,13.121622828657117,16.128593261237352,15.984980836651582,lstm_fedProx_diff001
1174,47,1.7198437433035727,4.397556024761415,2.097035055682526,8.462464468832973,8.662842299321747,lstm_fedProx_diff001
1175,47,332.7206583779762,204516.39832945584,452.2348928703488,164120.46722221386,99.9367953900321,lstm_fedProx_diff001
1176,47,21.9433944593254,906.8219298616287,30.11348418668336,55.91595067625108,39.24011738253818,lstm_fedProx_diff001
1177,47,15.755012886408736,424.35307079149857,20.599831814641075,3418393560.9748178,9.59241953981868,lstm_fedProx_diff001
1178,47,10.75760117609127,190.26082077919625,13.79350647149579,9.142183678573405,9.02124199755859,lstm_fedProx_diff001
1179,47,12.73029294097222,232.15414592159095,15.236605459274417,25.050759771124746,21.716653499055365,lstm_fedProx_diff001
1180,47,14.905156553571429,360.935393489826,18.998299752604865,17.380286914392997,17.239981522581097,lstm_fedProx_diff001
1181,47,25.758787552579367,1552.2665973411915,39.39881466924089,1802.188362279328,16.543472024179156,lstm_fedProx_diff001
1182,47,49.41579076190476,5860.258104056911,76.55232265618667,1652912169.22418,36.13566855424314,lstm_fedProx_diff001
1183,47,16.36751185515873,406.2961699778817,20.156789674397103,6.678931619024854,6.545274110152064,lstm_fedProx_diff001
1184,47,21.60776264732143,934.6518859779684,30.57207689997473,1220333632.935533,19.231590820869847,lstm_fedProx_diff001
1185,47,17.147313566964286,468.67772812102777,21.648965982721386,30.16346579323161,29.032274237333212,lstm_fedProx_diff001
1186,47,221.4334649206349,110881.80517127726,332.9891967786301,28334658606.54474,32.71978511161271,lstm_fedProx_diff001
1187,47,5.098984773859128,37.80450381692883,6.148536721605298,50574748.148918696,68.48268386746919,lstm_fedProx_diff001
1188,47,50.833982157738106,6310.393388475473,79.43798454439458,2278.663669737832,29.13341505830051,lstm_fedProx_diff001
1189,47,18.69975069890873,1132.8664617323082,33.65808167041473,6974.608044887544,29.327127953372823,lstm_fedProx_diff001
1190,47,3.916665605406746,23.70453339258483,4.868730162227604,18.217275666211123,18.01508911453184,lstm_fedProx_diff001
1191,47,15.19816998859127,331.9118817248126,18.218448938502217,17.6514885499096,17.417698483422235,lstm_fedProx_diff001
1192,47,71.5466328422619,8670.631105629804,93.11622364351877,31.633061742932234,27.828021188904163,lstm_fedProx_diff001
1193,47,27.07131588144841,1076.1156322414315,32.80420144191033,24.9857597177348,23.42941220084359,lstm_fedProx_diff001
1194,47,99.49207669642855,18201.882424025767,134.91435217954304,38.540049434367454,29.224943591935087,lstm_fedProx_diff001
1195,47,4.288875948115081,29.586873750293336,5.439381743387141,13794106125.381445,86.83841345808962,lstm_fedProx_diff001
1196,47,41.74632509424604,2650.0445778581266,51.47858368154787,1331983146.4389296,12.355179346027894,lstm_fedProx_diff001
1197,47,6.182641938392857,69.14903178040286,8.315589683263772,5842113847.287119,29.93283780799213,lstm_fedProx_diff001
1198,47,5.769171338293651,52.98688856718878,7.279209336678591,619422404.765917,20.439501600330917,lstm_fedProx_diff001
1199,47,29.644741202876983,2003.51412882518,44.76063146142131,68788766721.86563,45.9751370428312,lstm_fedProx_diff001
1200,47,6.761154346279762,104.21699923293748,10.208672745902744,15688822807.679129,45.97514187076286,lstm_fedProx_diff001
1201,47,9.853665070128969,193.4641599168687,13.90913943840052,25957276378.669224,75.55534628597917,lstm_fedProx_diff001
1202,47,30.230688419642856,1674.8487781770882,40.92491634905426,15390322895.83994,25.29266603594446,lstm_fedProx_diff001
1203,47,3.36670253829365,21.844063953228684,4.673763360850513,2575198607.9968576,24.0956866817232,lstm_fedProx_diff001
1204,47,5.683352829613096,63.227982030142265,7.951602481898996,3218212831.8332014,24.561319468346746,lstm_fedProx_diff001
1205,47,3.447625930059524,25.15896469976637,5.015871280223045,2633794695.027731,17.330073961646136,lstm_fedProx_diff001
1206,47,53.50163030753968,9222.648242151054,96.03462001877789,2270296845.446426,32.49861783671872,lstm_fedProx_diff001
1207,47,6.072233635317461,79.10326088973818,8.894001399243098,13926358638.9192,48.33771332853799,lstm_fedProx_diff001
1208,47,6.479570374503968,90.05892216744259,9.489937943287226,14860513081.872831,48.33720887682808,lstm_fedProx_diff001
1209,47,63.31619210218253,6512.76982916058,80.70173374321385,36379495552.22488,24.17386876756961,lstm_fedProx_diff001
1210,47,11.204979139880953,246.580596085064,15.702884960575366,7406615742.249351,18.17620969246862,lstm_fedProx_diff001
1211,47,11.128863502976191,241.062915954712,15.526200950480836,7147115683.352192,24.01311791542772,lstm_fedProx_diff001
1212,47,16.498627446180556,504.838415594352,22.4686095607706,8983255952.714338,20.480075559883367,lstm_fedProx_diff001
1213,47,11.44349564781746,211.28545001750555,14.535661320266978,2319313723.989319,29.655455947320085,lstm_fedProx_diff001
1214,47,20.45294022519841,619.1713766424704,24.88315447531664,618999418.5297834,14.764153202206758,lstm_fedProx_diff001
1215,47,66.57637453273809,8301.271998936742,91.1113165250988,329046454347.0766,114.1405830340637,lstm_fedProx_diff001
1216,47,6.527408971130953,78.71889835934445,8.872367122664867,2671965726.5302877,31.148293799595773,lstm_fedProx_diff001
1217,47,29.7348395967262,1456.2614779429614,38.160994194896986,5941310761.606065,18.548128899456398,lstm_fedProx_diff001
1218,47,71.03994428125,8528.321787266497,92.34891329770208,1269061690.3005085,101.30956772270174,lstm_fedProx_diff001
1219,47,13.133811592757938,264.9408263470812,16.27700299032599,823720253.523161,26.78309053873639,lstm_fedProx_diff001
1220,47,9.395256662400794,160.95722043329917,12.686891677369172,5732059158.474542,22.66740345413604,lstm_fedProx_diff001
1221,47,47.58643038244048,3541.432579420351,59.50993681243789,540148334.7757366,23.85235759575953,lstm_fedProx_diff001
1222,47,12.411229360367065,283.60754624370526,16.840651597955027,6643620765.767495,20.493672448155525,lstm_fedProx_diff001
1223,47,52.52556823958333,5106.649192345042,71.46082277965348,33842288364.910103,17.41999328961599,lstm_fedProx_diff001
1224,47,102.4591198373016,19116.460410965992,138.26228846278363,167588669020.48834,48.85165574708633,lstm_fedProx_diff001
1225,47,47.945687321428565,4011.45236292192,63.33602736927791,12304334934.411867,15.94463876234168,lstm_fedProx_diff001
1226,47,73.75276242559526,6333.303924863868,79.58205780742207,1691161870.8020368,17.190835740145026,lstm_fedProx_diff001
1227,47,23.75567687003969,1069.3886388846522,32.70150820504541,9.235288047189163,9.079822488617996,lstm_fedProx_diff001
1228,47,8.473916209722224,162.56376166713287,12.750049477046469,6755612737.039924,15.667025361226722,lstm_fedProx_diff001
1229,47,10.014809633035714,235.2393040775805,15.337512969108795,8082062959.335075,66.28303704495717,lstm_fedProx_diff001
1230,47,8.114809356150792,119.4259608046907,10.928218555862191,165707929.6284013,17.255089399281378,lstm_fedProx_diff001
1231,47,25.217874688492067,963.349658904996,31.037874587429403,1669121839.4366872,14.727908099418126,lstm_fedProx_diff001
1232,47,150.12960194444446,28179.34069047346,167.867032768419,21120255620.57608,18.042617910905246,lstm_fedProx_diff001
1233,47,19.35065299652778,747.0617138226895,27.332429709462158,14187049818.329582,16.72771484961995,lstm_fedProx_diff001
1234,47,12.54576440625,285.765129510056,16.90458900742801,1234784959.1604264,20.258506093871063,lstm_fedProx_diff001
1235,47,21.386915532738097,706.0341728226493,26.571303558964686,1292522087.3349571,15.149904619098336,lstm_fedProx_diff001
1236,47,21.01582784424604,759.383413564565,27.55691226470348,1388089183.5704355,23.32486195258647,lstm_fedProx_diff001
1237,47,72.43814116979166,8689.177907320734,93.21575997287547,43472626684.22231,18.43387841685327,lstm_fedProx_diff001
1238,47,0.0857582864166666,0.0076094397349045,0.0872321026624059,857582764.1666665,200.0,lstm_fedProx_diff001
1239,47,52.47270903621032,5761.648886334737,75.90552605927145,4971737597.123199,76.72636131404862,lstm_fedProx_diff001
1240,47,15.399136721478174,461.7268987361172,21.487831410733776,340025522.75121146,67.54555665896167,lstm_fedProx_diff001
1241,47,54.16721291220239,8518.15020854608,92.29382540856176,27116594679.357086,35.60357330097804,lstm_fedProx_diff001
1242,47,7.707657735119048,130.5262065685507,11.424806631560584,5409985267.589566,19.64079061788904,lstm_fedProx_diff001
1243,47,22.5310142093254,778.6779953983133,27.904802371604664,7751344750.590524,35.59030188955472,lstm_fedProx_diff001
1244,47,3.095201579811508,18.06508549767255,4.250304165312472,1214897482.912429,28.07867937289332,lstm_fedProx_diff001
1245,47,6.417683226140873,77.05893749646656,8.77832202054963,4492546627.628996,22.85260421416112,lstm_fedProx_diff001
1246,47,100.55675435813492,15830.832191541467,125.8206349989598,110669390121.2273,59.46867637284675,lstm_fedProx_diff001
1247,47,44.78480994990079,3201.1273683354534,56.57850623987393,14638551406.99954,33.6365372144748,lstm_fedProx_diff001
1248,47,9.662588324553573,176.813478316458,13.29712293379504,5089363191.807693,21.8259204512794,lstm_fedProx_diff001
1249,47,32.824241938988095,2046.409879178731,45.23726206545585,54774903659.01587,49.67750145435828,lstm_fedProx_diff001
1250,47,15.48543415843254,455.4603722968813,21.341517572489572,25841155677.86504,49.67745685758545,lstm_fedProx_diff001
1251,47,17.108097909226192,586.541830992505,24.218625704042434,35400478576.45373,49.59320178216628,lstm_fedProx_diff001
1252,47,30.2337760858135,1831.8086727321277,42.799634025679794,62560313650.85848,49.59321974146783,lstm_fedProx_diff001
1253,47,24.484488002480163,1201.4578223128087,34.66205161719093,50661650853.24164,49.59411291174949,lstm_fedProx_diff001
1254,47,23.2710420343254,1140.8126733042586,33.77591854123672,56141062816.23849,48.336941224703565,lstm_fedProx_diff001
1255,47,7.663372389455795,136.1484219744607,11.668265594100122,1.738114370045421,1.7265491929126144,lstm_fedProx_diff001
1256,47,58.07104538194444,5002.67613980449,70.72959875331183,4477196438.77282,11.230963764777089,lstm_fedProx_diff001
1257,47,15.458358309523808,494.0130874218339,22.226405184415988,11807832179.583662,17.369697901619322,lstm_fedProx_diff001
1258,47,244.5251274925595,96684.04582132748,310.9405824612276,133790909983.9448,19.614449918465084,lstm_fedProx_diff001
1259,47,39.29717580208334,2668.992785541621,51.66229558915884,28036316184.66176,20.620266403446276,lstm_fedProx_diff001
1260,47,59.27711830803572,6253.048169124245,79.07621746849203,42665454526.8961,19.398229051767903,lstm_fedProx_diff001
1261,47,15.654981278273809,420.8781324420881,20.515314583064235,2754552681.769674,17.909495151217232,lstm_fedProx_diff001
1262,47,146.35459990079363,51297.4491123727,226.4894017661151,18612303805.57699,32.20043489852874,lstm_fedProx_diff001
1263,47,164.2022483482143,80972.28590505118,284.55629654789084,12614.535911043133,39.5770349422717,lstm_fedProx_diff001
1264,47,107.87427898115078,18852.74381905304,137.30529421348996,61675910613.60804,19.2989119929568,lstm_fedProx_diff001
1265,47,96.13001536507936,18280.450295236293,135.205215488295,117542123191.2666,50.430778348574,lstm_fedProx_diff001
1266,47,19.084853858134924,697.4236407252524,26.408779614462546,32213382685.004498,48.3059059263481,lstm_fedProx_diff001
1267,47,14.347585764434523,413.81917936237534,20.34254603933282,29296394475.055725,47.136288005404495,lstm_fedProx_diff001
1268,47,5.778902879662699,61.47830962721722,7.840810521063318,9344605798.527304,47.30203400727621,lstm_fedProx_diff001
1269,47,27.4702193234127,1334.2921252599472,36.52796360680331,36830617258.50558,46.6033807856203,lstm_fedProx_diff001
1270,47,2.729446001984127,13.046985994208208,3.6120611836191543,3690807184.7216425,46.44358794198401,lstm_fedProx_diff001
1271,47,6.632166467609127,77.0264755313525,8.776472841144813,8967627955.059546,46.444226668393455,lstm_fedProx_diff001
1272,47,73.53853233035714,9648.146253211147,98.22497774604555,102162597915.63326,46.37835293423777,lstm_fedProx_diff001
1273,47,7.845824165823411,107.82071078168534,10.38367520590303,10609960219.441948,46.44179999262525,lstm_fedProx_diff001
1274,47,9.9370503703373,196.7162260856448,14.02555617740861,18926445783.85281,51.05788260664988,lstm_fedProx_diff001
1275,47,14.872625530257938,315.4519139135724,17.760966018591795,511799436.9624398,13.532254957259198,lstm_fedProx_diff001
1276,47,24.94599599454365,1205.1904089654429,34.71585241594166,45554161713.773415,48.25908454416039,lstm_fedProx_diff001
1277,47,94.60549509474204,14527.028044995062,120.5281213866501,52515495718.044624,19.691815880469,lstm_fedProx_diff001
1278,47,45.2138786904762,3236.7106101142517,56.89209620073997,4229480221.799273,14.615583869310154,lstm_fedProx_diff001
1279,47,3.765699489583333,26.878618907000376,5.184459364967612,286094181.2438604,18.75552665333429,lstm_fedProx_diff001
1280,47,9.267689266914685,210.7124455588188,14.515937639671051,7415650759.56409,15.04421166768322,lstm_fedProx_diff001
1281,47,12.073411642906748,309.9091623708979,17.604237057336448,8234341961.150124,19.75188458290232,lstm_fedProx_diff001
1282,47,10.854974786706348,263.97414915164944,16.247281284930395,8176419682.83817,19.411708845482384,lstm_fedProx_diff001
1283,47,8.623968787797619,156.72627975886857,12.519036694525203,5144621851.239347,20.43465006986152,lstm_fedProx_diff001
1284,47,7.979733371279762,126.5592271016714,11.24985453691164,5556017950.48016,23.338250291306164,lstm_fedProx_diff001
1285,47,8.918588717708333,180.9438972400285,13.451538842824952,1389217145.9390466,18.142799323560936,lstm_fedProx_diff001
1286,47,10.682167237003968,277.9980229139905,16.673272711558177,8709728543.324755,15.120844859295172,lstm_fedProx_diff001
1287,47,49.24768216220238,4552.07908897537,67.4690972888727,28355219685.27836,18.19249825511551,lstm_fedProx_diff001
1288,47,95.3524147688492,18435.89740390881,135.7788547746254,266888684736.82,67.18454075092052,lstm_fedProx_diff001
1289,47,17.76171333531746,502.3501155456163,22.413168351342392,599009356.2552195,29.863215531001902,lstm_fedProx_diff001
1290,47,11.029196790178572,224.3426339075081,14.978071768672631,2702308929.432097,22.5579249897646,lstm_fedProx_diff001
1291,47,72.28332260218255,10486.57720202864,102.4039901665391,106648376919.85898,46.692413683749805,lstm_fedProx_diff001
1292,47,50.185020565476194,6279.948907795509,79.24612866125075,29403467660.30956,32.5552496000873,lstm_fedProx_diff001
1293,47,83.20040120684526,10213.09215276665,101.0598444129351,84460246779.4074,47.25731684260591,lstm_fedProx_diff001
1294,47,17.880850436507934,629.0362896807665,25.08059587969884,10685132147.72195,18.74377054872077,lstm_fedProx_diff001
1295,47,122.67030858630952,32187.84225349291,179.40970501478705,13757561981.633177,25.4617467506285,lstm_fedProx_diff001
1296,47,19.438527033234127,641.6990607458988,25.33177966006137,27527758127.73704,43.629549083007895,lstm_fedProx_diff001
1297,47,29.6627384593254,1545.9067129232412,39.31802020604854,17184661849.079643,19.917934195555212,lstm_fedProx_diff001
1298,47,36.85779273015873,1956.234438769182,44.22933911748153,6319156405.884889,96.23457815225588,lstm_fedProx_diff001
1299,47,2.07292353515625,6.5553503382579095,2.560341840117821,10.385655266496164,11.097089182640318,lstm_fedProx_diff001
1300,47,41.02629870634921,4682.355229459303,68.42773728145117,58883.49332545721,49.22657506173231,lstm_fedProx_diff001
1301,47,46.96000417658731,7624.515622742383,87.31847240270746,77370.01738291011,44.24876911859143,lstm_fedProx_diff001
1302,47,174.0279532142857,106338.547428535,326.0959175281638,299399.6750120396,43.92167525110219,lstm_fedProx_diff001
1303,47,49.81512333333334,7760.055644529465,88.09117801760551,80420.78191730937,45.699980814201815,lstm_fedProx_diff001
1304,47,65.61421293154761,13266.81716744851,115.18167027547616,102853.88299439289,46.15678624023506,lstm_fedProx_diff001
1305,47,32.2971277797619,1829.0532323334007,42.767431911834514,32725.68318650293,64.50118146966982,lstm_fedProx_diff001
1306,47,8.171839921626985,149.9706832862694,12.246251805604416,9612.98121237983,55.38083448555688,lstm_fedProx_diff001
1307,47,31.500129565972223,3031.0709348020414,55.0551626534882,48042.88142394131,46.908663445482176,lstm_fedProx_diff001
1308,47,61.05856849454365,9802.138281604754,99.00574873008512,86120.46343286039,50.284842662472194,lstm_fedProx_diff001
1309,47,16.01348322420635,723.8502455578082,26.90446516022588,22082.29049022211,48.4691775170547,lstm_fedProx_diff001
1310,47,3.979271467460317,40.80331767083684,6.387747464547799,5539.719312396273,51.41650747729528,lstm_fedProx_diff001
1311,47,3.2665915875,23.66080978275506,4.86423784191882,4219.303332795179,67.53779496112774,lstm_fedProx_diff001
1312,47,36.24317107638889,4642.274466503199,68.13423857726157,64807.65134472335,43.69664818605701,lstm_fedProx_diff001
1313,47,48.30416274553572,4330.872115493639,65.8093619137402,36982.33955679151,86.80817769629333,lstm_fedProx_diff001
1314,47,4.9484978873511904,54.28424886593132,7.367784529010828,6038.56911492523,58.72970131173864,lstm_fedProx_diff001
1315,47,17.592883871031745,1053.555651608443,32.45852201823803,29459.28928862777,44.3958688381691,lstm_fedProx_diff001
1316,47,51.47776070436508,10167.284166733634,100.83295179024384,94193.00283528276,42.6252318837171,lstm_fedProx_diff001
1317,47,77.86996216269841,23340.30476671921,152.77534083326148,137540.61194187807,42.72755321287722,lstm_fedProx_diff001
1318,47,0.0649334037795358,0.0056811445863263,0.0753733678849922,643048868.8518237,186.04650406587348,lstm_fedProx_diff001
1319,47,4.500678398611112,49.00142886477886,7.000102061025886,67646208.9098175,52.93395542086535,lstm_fedProx_diff001
1320,47,290.7714606746032,265523.36651790206,515.2895948084941,411114.6796164117,56.36252509061781,lstm_fedProx_diff001
1321,47,111.46204697420636,35369.56478856803,188.0679791686188,166517.30740655455,47.68061065406605,lstm_fedProx_diff001
1322,47,333.8898251041667,278333.3845544031,527.5731082555318,195299.73457497975,71.60681901563383,lstm_fedProx_diff001
1323,47,11.010379375496033,310.66071072594286,17.625569798617658,14051.7192505601,60.72381822926546,lstm_fedProx_diff001
1324,47,28.71439548214286,2315.131720607112,48.115815701358656,42528.74125905493,49.20291352571432,lstm_fedProx_diff001
1325,47,2.821262508531746,15.99817767522401,3.9997722029165614,3109.487381980993,64.98848752986194,lstm_fedProx_diff001
1326,47,12.59908326438492,474.0356903803544,21.772360698379824,20758.81478484261,47.061774612268806,lstm_fedProx_diff001
1327,47,23.676347968253967,1670.2777079480902,40.86903115989037,38121.500590018346,46.91554399205492,lstm_fedProx_diff001
1328,47,3.0852633264880955,21.59829848167487,4.647396957617766,2264.0047868251936,68.71582274898287,lstm_fedProx_diff001
1329,47,7.766061785714285,175.5456184219326,13.24936294400348,12884.96747693323,47.39119521629125,lstm_fedProx_diff001
1330,47,25.64105950595238,1553.8169403996917,39.41848475524765,27249.188903146405,55.13998932891609,lstm_fedProx_diff001
1331,47,45.49129651934524,4904.112057663629,70.02936568086011,60774.67985000733,52.53221564940061,lstm_fedProx_diff001
1332,47,93.8942076140873,23977.297712092783,154.84604519358183,119040.65202411592,66.13026861557199,lstm_fedProx_diff001
1333,47,40.48557902083334,4411.602029375612,66.41989181996318,57826.26447965772,50.31514879470007,lstm_fedProx_diff001
1334,47,64.41554436507937,14179.192635731406,119.07641511118568,107049.1214234898,44.78931350899653,lstm_fedProx_diff001
1335,47,22.415084844246028,1091.0168911032858,33.03054481995848,27331.867898139382,57.474869436876354,lstm_fedProx_diff001
1336,47,65.9522331597222,15454.081230981486,124.31444498119068,117074.91348268758,43.83149610228427,lstm_fedProx_diff001
1337,47,19.15133131299603,863.9769671599075,29.393485114220592,24893.06508759356,53.21935250911449,lstm_fedProx_diff001
1338,47,29.698477334821437,3244.709193762389,56.96234891366744,53545.62231821425,43.20854401132635,lstm_fedProx_diff001
1339,47,85.42664387400794,17717.044930835065,133.10539031472416,115857.08296244688,52.60900054283909,lstm_fedProx_diff001
1340,47,4.430420207093255,58.50181121033544,7.6486476719963665,6509.529693198276,47.180399006769576,lstm_fedProx_diff001
1341,47,9.971745646329364,194.62510288844933,13.950810115848087,11415.498434177183,72.70808048799167,lstm_fedProx_diff001
1342,47,14.58306317063492,637.2335825240515,25.24348594239812,22494.076218407987,47.31183121134183,lstm_fedProx_diff001
1343,47,33.80555785069445,3966.682287310706,62.98160276867132,58894.830034354185,44.29425533104842,lstm_fedProx_diff001
1344,47,52.65639637996032,7634.795595920455,87.3773173994284,75282.67496477521,49.70218476639384,lstm_fedProx_diff001
1345,47,52.47534906547619,6648.789826558235,81.54011176444533,59070.00659649778,73.89757373636553,lstm_fedProx_diff001
1346,47,172.38182964781743,119387.5539055358,345.5250409240057,320010.8166021319,42.06759783709901,lstm_fedProx_diff001
1347,47,28.320717825396823,2759.4638448687924,52.53059912916273,46861.620068281925,44.38197317478173,lstm_fedProx_diff001
1348,47,138.39480904265875,55807.4126026892,236.23592572402956,187698.57070015816,59.53774049376111,lstm_fedProx_diff001
1349,47,21.343896160714287,1346.9950385698185,36.70143101528629,34270.724176491,47.29268410241218,lstm_fedProx_diff001
1350,47,99.13232107142856,37486.50815374526,193.6143283792428,184332.57868105575,42.673327467588415,lstm_fedProx_diff001
1351,47,24.96086252281746,2140.2692802222355,46.26304443313513,43122.570017621394,44.17345019189177,lstm_fedProx_diff001
1352,47,0.4130474003869048,0.3981677160446714,0.6310053217245251,97770942.1411537,53.240772778109104,lstm_fedProx_diff001
1353,47,27.917256807043653,2196.429505717,46.86608054571024,40535.90235423604,49.61759197530312,lstm_fedProx_diff001
1354,47,46.997684851190485,7462.677281125583,86.38678881128516,80414.94115995616,44.74238022236835,lstm_fedProx_diff001
1355,47,3.886617101240079,36.67132517262882,6.055685359447667,5078.487216739425,53.78928198603566,lstm_fedProx_diff001
1356,47,16.63563355952381,825.3405892484291,28.728741518702645,25773.71416391267,47.52444367688234,lstm_fedProx_diff001
1357,47,84.7358101140873,19450.55634184161,139.46525137768765,130705.06013009849,48.628830723548624,lstm_fedProx_diff001
1358,47,22.225600045405987,1471.924415072392,38.3656671396757,10856.077068312494,46.76091885484767,lstm_fedProx_diff001
1359,47,47.81838966517858,5352.417681471485,73.16021925521741,67065.58102084008,53.130396832162006,lstm_fedProx_diff001
1360,47,5.394996638740079,55.310738377103625,7.437118956767037,5623.267257888215,62.139151879942766,lstm_fedProx_diff001
1361,47,20.690601505952383,1412.9112699380114,37.58871200158382,34496.2283175928,45.29100967139475,lstm_fedProx_diff001
1362,47,5.402764755208334,84.19309585090461,9.175679585235342,8762.768577684019,47.63354191146272,lstm_fedProx_diff001
1363,47,4.522541705853175,61.56346721932132,7.846239049335759,7437.237778154687,47.71669327121638,lstm_fedProx_diff001
1364,47,24.313245382936508,1791.6842534100888,42.32829140669499,37005.41433904489,47.309632608094255,lstm_fedProx_diff001
1365,47,10.229385506448413,325.9741155960593,18.054753268767183,16535.523442744117,46.31946952027191,lstm_fedProx_diff001
1366,47,23.94935484920635,1819.3651926871496,42.65401731006295,37202.727798510816,46.7868885475941,lstm_fedProx_diff001
1367,47,25.92279244047619,2088.072758085106,45.69543476196617,41451.01913492676,46.75756166512219,lstm_fedProx_diff001
1368,47,27.795428250992064,2091.686150933317,45.73495546005612,37204.06020842404,51.31866170888897,lstm_fedProx_diff001
1369,47,72.19792494047618,15911.184656333216,126.1395443797591,106774.44416764574,47.75160807009609,lstm_fedProx_diff001
1370,47,71.34681750496031,15434.782581828244,124.23680043299667,109183.61577506192,47.5784268093286,lstm_fedProx_diff001
1371,47,37.1131794702381,3972.6520373779,63.028977759264826,53708.0680647828,48.472789248870725,lstm_fedProx_diff001
1372,47,31.922711856646828,2916.48517329859,54.0044921585102,45022.17753684627,49.09743745754583,lstm_fedProx_diff001
1373,47,13.955581381944445,498.5637227573977,22.32854054248503,19285.874408152213,52.054132688175294,lstm_fedProx_diff001
1374,47,14.823780321428572,528.6484388417854,22.992356095924254,17239.15209709471,64.88983518621801,lstm_fedProx_diff001
1375,47,4.533537729712301,32.967661237784604,5.7417472286565,1829.3221837559915,118.25165981003464,lstm_fedProx_diff001
1376,47,3.2978357862103174,26.162620179933132,5.1149408774621365,4953.329178345448,51.43935626169003,lstm_fedProx_diff001
1377,47,6.805732849702381,135.51604920378068,11.641136078741656,10493.291779652678,47.54719154128149,lstm_fedProx_diff001
1378,47,13.85489287748016,683.7414593467258,26.148450419608537,24134.94176852875,43.94672097914609,lstm_fedProx_diff001
1379,47,22.07751574355159,1482.2513598638225,38.50001766056507,33082.921689971176,46.34635424136441,lstm_fedProx_diff001
1380,47,6.509739461309524,118.11813210569574,10.868216601894524,9227.501198798238,49.49079411396482,lstm_fedProx_diff001
1381,47,7.414611995535714,149.31228513096636,12.21934061768336,10583.183412527049,50.13412057259421,lstm_fedProx_diff001
1382,47,33.246235580357144,2578.6632270775567,50.78053984625958,37486.306637400136,55.36342757469141,lstm_fedProx_diff001
1383,47,6.826738330605158,123.6832847661155,11.121298699617572,9364.40698140262,50.33599218884516,lstm_fedProx_diff001
1384,47,2.800812298809524,24.60689494962677,4.960533736366156,4544.349666675439,46.06204282626683,lstm_fedProx_diff001
1385,47,47.64802443402778,5671.584156094472,75.30992070168759,69420.40866999172,51.25191483895416,lstm_fedProx_diff001
1386,47,37.47333084176588,4089.040519709673,63.94560594528503,58006.33820043501,47.91673262257751,lstm_fedProx_diff001
1387,47,5.543830484871032,79.89391588855607,8.938339660616846,8198.496720377178,50.6743962740908,lstm_fedProx_diff001
1388,47,3.3354975148809523,34.45031647800076,5.8694391962095285,5505.9826693820805,46.07408180393794,lstm_fedProx_diff001
1389,47,6.060930179811509,101.38267705772468,10.068896516387715,9655.714767419002,48.33618762337725,lstm_fedProx_diff001
1390,47,43.62421716666667,3521.353988574379,59.34099753605747,34543.40700527294,85.20063667618032,lstm_fedProx_diff001
1391,47,41.64303182043651,5810.55802951382,76.22701640175758,71804.42929085468,44.72674949432608,lstm_fedProx_diff001
1392,47,26.619537437996037,1101.1709256153729,33.18389557624862,1030.441247601914,127.60857340181356,lstm_fedProx_diff001
1393,47,12.662322964285716,389.784926972889,19.742971584158475,15114.58647242103,64.01172973288664,lstm_fedProx_diff001
1394,47,25.96433279166667,896.1226258996062,29.93530734600208,6.233403764762541,6.488586537106417,lstm_fedProx_diff001
1395,47,40.291930383928566,4536.9292709367855,67.35673144487332,58383.7804748904,49.05771640421433,lstm_fedProx_diff001
1396,47,110.09013697420636,46441.6581120822,215.50326705663235,204384.52511966092,42.64393062275092,lstm_fedProx_diff001
1397,47,10.79346164781746,372.1842628752298,19.29207772312847,18477.9322967645,45.50131371641476,lstm_fedProx_diff001
1398,47,30.87093202926588,2144.3113905145483,46.30670999449808,32430.30221538404,75.39008051713945,lstm_fedProx_diff001
1399,47,1.3521421671626983,6.252875834960964,2.5005751008439967,2205.0436982857264,44.17730475298974,lstm_fedProx_diff001
1400,47,4.097643699404762,50.44003669360931,7.102114945113836,6038.371907252504,47.45298206829733,lstm_fedProx_diff001
1401,47,192.95789591765876,66003.49320832953,256.9114501308369,178959.6524543304,65.43966638863087,lstm_fedProx_diff001
1402,47,53.96859033829366,7307.766378572798,85.48547466425391,74728.72632575117,52.343318216871126,lstm_fedProx_diff001
1403,47,48.62605980654762,8001.385595697327,89.45046448005358,77764.12627434255,44.66551444868795,lstm_fedProx_diff001
1404,47,75.22250405257935,16606.37679153268,128.8657316416303,111266.7710683934,48.27523035047896,lstm_fedProx_diff001
1405,47,71.4393484623016,19350.227018299454,139.10509343046883,128931.93988275614,42.99416043673284,lstm_fedProx_diff001
1406,47,26.143152544146822,1826.913108990062,42.74240410868418,37674.93064672959,49.1856262027376,lstm_fedProx_diff001
1407,47,25.70506434077381,2013.457383304776,44.87156542070686,40674.1224990407,46.54501479379259,lstm_fedProx_diff001
1408,47,6.12742401438492,66.01613086902745,8.125031130342052,5438.184684413693,96.8010816229856,lstm_fedProx_diff001
1409,47,1.4738963205357145,6.236117928160113,2.4972220422221394,2024.6017637820853,47.88631163054536,lstm_fedProx_diff001
